#x	y	z	Twist	Chord	Pitch_axis_aft_LE	Relative thickness
#[m]	[m]	[m]	[deg]	[m]	[-]	[-]
0.000000000000E+00	-5.166638502284E-20	3.366769525852E-17	0.000000000000E+00	5.380000000000E+00	5.000000000000E-01	1.000000000000E+02
0.000000000000E+00	4.859192059706E-04	4.517884618677E-01	0.000000000000E+00	5.379983176038E+00	5.000001445604E-01	1.000000000000E+02
0.000000000000E+00	9.147102507388E-04	9.136781431917E-01	0.000000000000E+00	5.379984711973E+00	5.000001313629E-01	1.000000000000E+02
0.000000000000E+00	1.188725804680E-03	1.384350663036E+00	0.000000000000E+00	5.379996571130E+00	5.000000294627E-01	1.000000000000E+02
0.000000000000E+00	1.201606736825E-03	1.862375055845E+00	-2.751892386217E+00	5.380009573282E+00	4.999999177413E-01	9.998798594225E+01
0.000000000000E+00	8.410886753312E-04	2.346222784393E+00	-1.043322017276E+01	5.380013630242E+00	4.999998828817E-01	9.998289463278E+01
0.000000000000E+00	-7.680356709224E-06	2.834287547276E+00	-1.450000000000E+01	5.379998040692E+00	5.000000168354E-01	1.000000000000E+02
0.000000000000E+00	-1.406796510266E-03	3.324905326386E+00	-1.450000000000E+01	5.379960479787E+00	5.000003395787E-01	1.000000000000E+02
0.000000000000E+00	-3.244655898991E-03	3.816377589094E+00	-1.450000000000E+01	5.379926969478E+00	5.000006275171E-01	1.000000000000E+02
0.000000000000E+00	-5.368612702286E-03	4.306993392687E+00	-1.450000000000E+01	5.379929403378E+00	5.000006066038E-01	1.000000000000E+02
0.000000000000E+00	-7.623574381874E-03	4.795054339589E+00	-1.450000000000E+01	5.379998846785E+00	5.000000099090E-01	1.000000000000E+02
0.000000000000E+00	-9.880045283764E-03	5.278897055325E+00	-1.450000000000E+01	5.380147686853E+00	4.999987309959E-01	9.979767126930E+01
0.000000000000E+00	-1.210717928214E-02	5.756915663075E+00	-1.450000000000E+01	5.380318674138E+00	4.999972617821E-01	9.946454653698E+01
0.000000000000E+00	-1.429938023387E-02	6.227582617652E+00	-1.450000000000E+01	5.380441168491E+00	4.999962092454E-01	9.899634270291E+01
0.000000000000E+00	-1.645137910577E-02	6.689467254148E+00	-1.450000000000E+01	5.380451488888E+00	4.999961205671E-01	9.839003535893E+01
0.000000000000E+00	-1.855827168895E-02	7.141251646021E+00	-1.450000000000E+01	5.380294534124E+00	4.999974692060E-01	9.764536215983E+01
0.000000000000E+00	-2.066674173458E-02	7.592681022197E+00	-1.450000000000E+01	5.379914283999E+00	5.000007116008E-01	9.674092688322E+01
0.000000000000E+00	-2.284547537859E-02	8.054378699275E+00	-1.450000000000E+01	5.379751885977E+00	4.999945621253E-01	9.565262819634E+01
0.000000000000E+00	-2.515515404265E-02	8.526430321322E+00	-1.450000000000E+01	5.381529583505E+00	4.999286486261E-01	9.440290722407E+01
0.000000000000E+00	-2.761909979399E-02	9.008913740200E+00	-1.450000000000E+01	5.386783029664E+00	4.996533181680E-01	9.300067655730E+01
0.000000000000E+00	-3.023193781358E-02	9.501898471739E+00	-1.449668192141E+01	5.396726612874E+00	4.989608630419E-01	9.144366670079E+01
0.000000000000E+00	-3.299149280258E-02	1.000544501107E+01	-1.448460756042E+01	5.411555763310E+00	4.977452091168E-01	8.973473399406E+01
0.000000000000E+00	-3.589723142628E-02	1.051960433754E+01	-1.446540908612E+01	5.430897665794E+00	4.959537837573E-01	8.788028273892E+01
0.000000000000E+00	-3.895054933841E-02	1.104441741466E+01	-1.442846136509E+01	5.454487260780E+00	4.935554171691E-01	8.588755929366E+01
0.000000000000E+00	-4.215530609178E-02	1.157991468933E+01	-1.437562396520E+01	5.482208607213E+00	4.905454761254E-01	8.376457102957E+01
0.000000000000E+00	-4.551642343969E-02	1.212611560148E+01	-1.430300205679E+01	5.513908125250E+00	4.869203774148E-01	8.152098210719E+01
0.000000000000E+00	-4.904558280826E-02	1.268303114348E+01	-1.420026861961E+01	5.549328260340E+00	4.826585394810E-01	7.916855896242E+01
0.000000000000E+00	-5.275780303669E-02	1.325064799197E+01	-1.407276966340E+01	5.588134749340E+00	4.777310080894E-01	7.672115851797E+01
0.000000000000E+00	-5.666849410853E-02	1.382896209876E+01	-1.391228138774E+01	5.629940395882E+00	4.721413299915E-01	7.419445138649E+01
0.000000000000E+00	-6.079034011646E-02	1.441793142040E+01	-1.371097335794E+01	5.674307275082E+00	4.660368947383E-01	7.160586743462E+01
0.000000000000E+00	-6.513589378131E-02	1.501752622102E+01	-1.347760444450E+01	5.720740967612E+00	4.596215680426E-01	6.897474549775E+01
0.000000000000E+00	-6.971793076490E-02	1.562768036465E+01	-1.320700552658E+01	5.768685651249E+00	4.530977520331E-01	6.632300169419E+01
0.000000000000E+00	-7.454898056034E-02	1.624832666323E+01	-1.289033262044E+01	5.817541185393E+00	4.465532285849E-01	6.367621478606E+01
0.000000000000E+00	-7.964169569237E-02	1.687938022791E+01	-1.254124119391E+01	5.866648180271E+00	4.400399167292E-01	6.106296835572E+01
0.000000000000E+00	-8.500917039765E-02	1.752074140185E+01	-1.216362952443E+01	5.915272797047E+00	4.336136433637E-01	5.851403711935E+01
0.000000000000E+00	-9.066544792953E-02	1.817229545438E+01	-1.174345966913E+01	5.962529650712E+00	4.273254965046E-01	5.605799773447E+01
0.000000000000E+00	-9.662533347714E-02	1.883391232828E+01	-1.130374580740E+01	6.007404559563E+00	4.212246772856E-01	5.372267753256E+01
0.000000000000E+00	-1.029040579376E-01	1.950544642892E+01	-1.086772653021E+01	6.048805513586E+00	4.153634665475E-01	5.153754956080E+01
0.000000000000E+00	-1.095173275681E-01	2.018673643585E+01	-1.041320176404E+01	6.085911976629E+00	4.097807190185E-01	4.951884418400E+01
0.000000000000E+00	-1.164813409267E-01	2.087760516214E+01	-9.961733584128E+00	6.118383049491E+00	4.044919554534E-01	4.766063698980E+01
0.000000000000E+00	-1.238126493750E-01	2.157785947922E+01	-9.553805205331E+00	6.145912829238E+00	3.995104506365E-01	4.595384793844E+01
0.000000000000E+00	-1.315280986778E-01	2.228729027317E+01	-9.200226469610E+00	6.168240076344E+00	3.948459829412E-01	4.438856870098E+01
0.000000000000E+00	-1.396447477533E-01	2.300567243546E+01	-8.874476548717E+00	6.185355756670E+00	3.904916951551E-01	4.295678835036E+01
0.000000000000E+00	-1.481798448356E-01	2.373276493885E+01	-8.576795406518E+00	6.197351800600E+00	3.864336703870E-01	4.165036139782E+01
0.000000000000E+00	-1.571507823999E-01	2.446831095932E+01	-8.306977676404E+00	6.204345545458E+00	3.826557624183E-01	4.045997427738E+01
0.000000000000E+00	-1.665749834470E-01	2.521204212917E+01	-8.059684250306E+00	6.206443572511E+00	3.791432281300E-01	3.937411810830E+01
0.000000000000E+00	-1.764695389615E-01	2.596365825702E+01	-7.831098614347E+00	6.203730405219E+00	3.758839792837E-01	3.837880371355E+01
0.000000000000E+00	-1.868518473863E-01	2.672287281745E+01	-7.617985510363E+00	6.196309291150E+00	3.728643075319E-01	3.745866039115E+01
0.000000000000E+00	-1.977387461360E-01	2.748935136731E+01	-7.418744386535E+00	6.184302714355E+00	3.700705575846E-01	3.659877401121E+01
0.000000000000E+00	-2.091474312244E-01	2.826277850650E+01	-7.232592975024E+00	6.167838802582E+00	3.674973456258E-01	3.579303926937E+01
0.000000000000E+00	-2.210943657746E-01	2.904279112405E+01	-7.055405187859E+00	6.147060921017E+00	3.651420836718E-01	3.503856664428E+01
0.000000000000E+00	-2.335961648972E-01	2.982904676559E+01	-6.883078519983E+00	6.122131176961E+00	3.630011840971E-01	3.433211528066E+01
0.000000000000E+00	-2.466684601531E-01	3.062115575946E+01	-6.717564463450E+00	6.093216630861E+00	3.610667722453E-01	3.367074799182E+01
0.000000000000E+00	-2.603269089580E-01	3.141875078295E+01	-6.557537467882E+00	6.060472673218E+00	3.593233161988E-01	3.305231564165E+01
0.000000000000E+00	-2.745859616747E-01	3.222141809698E+01	-6.399210925737E+00	6.024069229375E+00	3.577534282908E-01	3.247459324788E+01
0.000000000000E+00	-2.894599727510E-01	3.302876823206E+01	-6.239446272980E+00	5.984190901522E+00	3.563385161661E-01	3.193508486844E+01
0.000000000000E+00	-3.049619537372E-01	3.384037077412E+01	-6.079704597696E+00	5.941047352245E+00	3.550595678876E-01	3.143063442205E+01
0.000000000000E+00	-3.211043546345E-01	3.465580370260E+01	-5.921748214312E+00	5.894867976601E+00	3.538969987609E-01	3.095752587277E+01
0.000000000000E+00	-3.378985717743E-01	3.547463221189E+01	-5.767225568744E+00	5.845895913869E+00	3.528303704579E-01	3.051184617629E+01
0.000000000000E+00	-3.553549427666E-01	3.629641401231E+01	-5.617997652465E+00	5.794383336343E+00	3.518499738261E-01	3.008977979970E+01
0.000000000000E+00	-3.734826667007E-01	3.712070021030E+01	-5.472799026021E+00	5.740578108021E+00	3.510000024517E-01	2.968864181454E+01
0.000000000000E+00	-3.922897215461E-01	3.794703632111E+01	-5.328234131751E+00	5.684733018076E+00	3.503411713791E-01	2.930602025372E+01
0.000000000000E+00	-4.117827870578E-01	3.877496328047E+01	-5.181011272501E+00	5.627108631970E+00	3.499343724104E-01	2.893942594859E+01
0.000000000000E+00	-4.319671469059E-01	3.960401842457E+01	-5.032535295383E+00	5.567921898054E+00	3.497928545918E-01	2.858720013877E+01
0.000000000000E+00	-4.528465932138E-01	4.043373648325E+01	-4.883083792428E+00	5.507289067480E+00	3.498290566057E-01	2.824952322589E+01
0.000000000000E+00	-4.744234167579E-01	4.126365068490E+01	-4.731155764150E+00	5.445316740429E+00	3.499419486602E-01	2.792678040695E+01
0.000000000000E+00	-4.966983611457E-01	4.209329381394E+01	-4.575366335648E+00	5.382114834024E+00	3.500321146492E-01	2.761931544994E+01
0.000000000000E+00	-5.196705582246E-01	4.292219920963E+01	-4.415909507700E+00	5.317801555495E+00	3.500574918050E-01	2.732719785076E+01
0.000000000000E+00	-5.433374882049E-01	4.374990180852E+01	-4.253769320977E+00	5.252503621747E+00	3.500412969983E-01	2.705019075616E+01
0.000000000000E+00	-5.676949727269E-01	4.457593924721E+01	-4.089881907806E+00	5.186349550095E+00	3.500101612967E-01	2.678801185491E+01
0.000000000000E+00	-5.927371503491E-01	4.539985289011E+01	-3.924752323364E+00	5.119468604949E+00	3.499890967563E-01	2.654035603444E+01
0.000000000000E+00	-6.184563966176E-01	4.622118877586E+01	-3.757703036544E+00	5.051988816288E+00	3.499845761163E-01	2.630696896844E+01
0.000000000000E+00	-6.448433439576E-01	4.703949862805E+01	-3.589501740223E+00	4.984036855810E+00	3.499898865543E-01	2.608762600287E+01
0.000000000000E+00	-6.718870920068E-01	4.785434532680E+01	-3.421054568831E+00	4.915738186180E+00	3.499981506610E-01	2.588207740801E+01
0.000000000000E+00	-6.995746262070E-01	4.866528597845E+01	-3.252702977451E+00	4.847217995337E+00	3.500032036025E-01	2.569005041915E+01
0.000000000000E+00	-7.278917150692E-01	4.947189955484E+01	-3.083894936848E+00	4.778598012293E+00	3.500040875259E-01	2.551122120699E+01
0.000000000000E+00	-7.568223650888E-01	5.027376989493E+01	-2.915412114025E+00	4.709997740972E+00	3.500025772439E-01	2.534523420186E+01
0.000000000000E+00	-7.863490216832E-01	5.107049104134E+01	-2.748082706336E+00	4.641533876191E+00	3.500004183813E-01	2.519171718257E+01
0.000000000000E+00	-8.164526338181E-01	5.186166799950E+01	-2.582180686136E+00	4.573320225518E+00	3.499991364544E-01	2.505028619233E+01
0.000000000000E+00	-8.471128057433E-01	5.264691738322E+01	-2.417224654249E+00	4.505469858708E+00	3.499989148346E-01	2.492056707049E+01
0.000000000000E+00	-8.783078051432E-01	5.342586813206E+01	-2.253843218583E+00	4.438093096669E+00	3.499993024792E-01	2.480218498784E+01
0.000000000000E+00	-9.100145831856E-01	5.419816217156E+01	-2.092682354035E+00	4.371295671000E+00	3.499998634695E-01	2.469475497771E+01
0.000000000000E+00	-9.422088426187E-01	5.496345496859E+01	-1.933950469372E+00	4.305176063401E+00	3.500002133686E-01	2.459787796205E+01
0.000000000000E+00	-9.748650206725E-01	5.572141597749E+01	-1.777145310267E+00	4.239804533402E+00	3.500002885019E-01	2.451109182355E+01
0.000000000000E+00	-1.007956436810E+00	5.647172912090E+01	-1.622863548195E+00	4.175234219304E+00	3.500002003653E-01	2.443390091538E+01
0.000000000000E+00	-1.041455457876E+00	5.721409322024E+01	-1.471731584512E+00	4.111514858156E+00	3.500000564510E-01	2.436581182768E+01
0.000000000000E+00	-1.075333646332E+00	5.794822232335E+01	-1.324129084628E+00	4.048692674352E+00	3.499999544969E-01	2.430634415463E+01
0.000000000000E+00	-1.109562691031E+00	5.867384588076E+01	-1.179509320211E+00	3.986806762210E+00	3.499999244287E-01	2.425518178933E+01
0.000000000000E+00	-1.144114341010E+00	5.939070898387E+01	-1.038099099562E+00	3.925889788072E+00	3.499999401852E-01	2.421214347090E+01
0.000000000000E+00	-1.178959712186E+00	6.009857262178E+01	-9.002334609484E-01	3.865971416407E+00	3.499999755251E-01	2.417703957515E+01
0.000000000000E+00	-1.214069355561E+00	6.079721379109E+01	-7.661924820086E-01	3.807078443791E+00	3.500000061251E-01	2.414966512037E+01
0.000000000000E+00	-1.249412286244E+00	6.148642557160E+01	-6.356961321794E-01	3.749235352214E+00	3.500000186151E-01	2.412947537398E+01
0.000000000000E+00	-1.284955226514E+00	6.216601714518E+01	-5.086717589319E-01	3.692464769510E+00	3.500000178115E-01	2.411532604418E+01
0.000000000000E+00	-1.320664700854E+00	6.283581370174E+01	-3.852279496365E-01	3.636786532191E+00	3.500000100814E-01	2.410607458378E+01
0.000000000000E+00	-1.356507384583E+00	6.349565633520E+01	-2.654570418269E-01	3.582217621675E+00	3.500000012898E-01	2.410065468133E+01
0.000000000000E+00	-1.392450281489E+00	6.414540188954E+01	-1.493086415576E-01	3.528772180065E+00	3.499999962017E-01	2.409808240368E+01
0.000000000000E+00	-1.428461464233E+00	6.478492619489E+01	-3.658225251809E-02	3.476461002969E+00	3.499999950311E-01	2.409749144022E+01
0.000000000000E+00	-1.464509014138E+00	6.541410991166E+01	7.270424764351E-02	3.425293011343E+00	3.499999962428E-01	2.409810319927E+01
0.000000000000E+00	-1.500562051670E+00	6.603285933585E+01	1.785387858663E-01	3.375273787622E+00	3.499999984275E-01	2.409920612200E+01
0.000000000000E+00	-1.536590033637E+00	6.664109201238E+01	2.809181842320E-01	3.326406830871E+00	3.500000003074E-01	2.410015520890E+01
0.000000000000E+00	-1.572563845286E+00	6.723873986428E+01	3.798856254878E-01	3.278693556135E+00	3.500000011526E-01	2.410058188273E+01
0.000000000000E+00	-1.608456714621E+00	6.782574875525E+01	4.755960133565E-01	3.232133593769E+00	3.500000012084E-01	2.410061005578E+01
0.000000000000E+00	-1.644242573053E+00	6.840207824858E+01	5.682150445598E-01	3.186724517692E+00	3.500000008146E-01	2.410041124616E+01
0.000000000000E+00	-1.679895878765E+00	6.896770121395E+01	6.578994471367E-01	3.142461907226E+00	3.500000002779E-01	2.410014027477E+01
0.000000000000E+00	-1.715391659469E+00	6.952260339234E+01	7.447587974603E-01	3.099339415983E+00	3.499999998698E-01	2.409993425698E+01
0.000000000000E+00	-1.750704582337E+00	7.006678297955E+01	8.286258876228E-01	3.057346930446E+00	3.499999997016E-01	2.409984933992E+01
0.000000000000E+00	-1.785808838343E+00	7.060025016334E+01	9.097078760313E-01	3.016470348018E+00	3.499999997034E-01	2.409985025148E+01
0.000000000000E+00	-1.820679569585E+00	7.112302658927E+01	9.882892118311E-01	2.976694413110E+00	3.499999998011E-01	2.409989956595E+01
0.000000000000E+00	-1.855293188891E+00	7.163514764445E+01	1.064629273444E+00	2.938002792204E+00	3.499999999284E-01	2.409996385433E+01
0.000000000000E+00	-1.889626450849E+00	7.213664806349E+01	1.138922833383E+00	2.900379148479E+00	3.500000000271E-01	2.410001369875E+01
0.000000000000E+00	-1.923658015702E+00	7.262759191341E+01	1.210913506435E+00	2.863801731823E+00	3.500000000712E-01	2.410003594864E+01
0.000000000000E+00	-1.957365452649E+00	7.310803099127E+01	1.280700130528E+00	2.828245384313E+00	3.500000000753E-01	2.410003800349E+01
0.000000000000E+00	-1.990729071366E+00	7.357804733868E+01	1.348513007480E+00	2.793683440255E+00	3.500000000555E-01	2.410002802211E+01
0.000000000000E+00	-2.023729033638E+00	7.403771057391E+01	1.414556618563E+00	2.760091301580E+00	3.500000000262E-01	2.410001323381E+01
0.000000000000E+00	-2.056348268419E+00	7.448711863069E+01	1.479017014553E+00	2.727443406926E+00	3.500000000000E-01	2.409999999718E+01
0.000000000000E+00	-2.088570377727E+00	7.492635685720E+01	1.541817426385E+00	2.695719501809E+00	3.499999999855E-01	2.409999268346E+01
0.000000000000E+00	-2.120384702106E+00	7.535553677415E+01	1.602865799437E+00	2.664910824249E+00	3.499999999812E-01	2.409999052716E+01
0.000000000000E+00	-2.151780660976E+00	7.577475727936E+01	1.662292404312E+00	2.635011444143E+00	3.499999999836E-01	2.409999173420E+01
0.000000000000E+00	-2.182749693924E+00	7.618414190070E+01	1.720217170176E+00	2.606012202423E+00	3.499999999895E-01	2.409999472306E+01
0.000000000000E+00	-2.213282524755E+00	7.658380153870E+01	1.776745402841E+00	2.577903520336E+00	3.499999999963E-01	2.409999810939E+01
0.000000000000E+00	-2.243371857013E+00	7.697386993517E+01	1.831960539660E+00	2.550672651889E+00	3.500000000014E-01	2.410000069969E+01
0.000000000000E+00	-2.273007633012E+00	7.735446831313E+01	1.885768203505E+00	2.524283895719E+00	3.500000000039E-01	2.410000197297E+01
0.000000000000E+00	-2.302178895148E+00	7.772573923351E+01	1.938187679591E+00	2.498667879014E+00	3.500000000045E-01	2.410000225499E+01
0.000000000000E+00	-2.330874557905E+00	7.808781251827E+01	1.989284703533E+00	2.473760484568E+00	3.500000000038E-01	2.410000189827E+01
0.000000000000E+00	-2.359086211197E+00	7.844083740757E+01	2.039121320868E+00	2.449503398774E+00	3.500000000024E-01	2.410000121086E+01
0.000000000000E+00	-2.386805534325E+00	7.878495039883E+01	2.087751889802E+00	2.425845734361E+00	3.500000000009E-01	2.410000046003E+01
0.000000000000E+00	-2.414026716877E+00	7.912030585527E+01	2.135227928172E+00	2.402741181706E+00	3.499999999998E-01	2.409999987485E+01
0.000000000000E+00	-2.440745453207E+00	7.944704532588E+01	2.181577532243E+00	2.380130605003E+00	3.499999999991E-01	2.409999956585E+01
0.000000000000E+00	-2.466962269254E+00	7.976532655166E+01	2.226789575849E+00	2.357926766632E+00	3.499999999990E-01	2.409999947171E+01
0.000000000000E+00	-2.492677262932E+00	8.007529470196E+01	2.270850084090E+00	2.336052077936E+00	3.499999999991E-01	2.409999952195E+01
0.000000000000E+00	-2.517892062000E+00	8.037711002033E+01	2.313752059162E+00	2.314439768394E+00	3.499999999993E-01	2.409999965528E+01
0.000000000000E+00	-2.542607834256E+00	8.067092349942E+01	2.355491579841E+00	2.293034418073E+00	3.499999999996E-01	2.409999981880E+01
0.000000000000E+00	-2.566826154064E+00	8.095688718990E+01	2.396068852527E+00	2.271790149022E+00	3.499999999999E-01	2.409999996718E+01
0.000000000000E+00	-2.590549580345E+00	8.123516296045E+01	2.435543018784E+00	2.250668751939E+00	3.500000000001E-01	2.410000006513E+01
0.000000000000E+00	-2.613778315812E+00	8.150590062191E+01	2.474027784174E+00	2.229638946290E+00	3.500000000002E-01	2.410000011139E+01
0.000000000000E+00	-2.636513353204E+00	8.176926202334E+01	2.511476174251E+00	2.208674704096E+00	3.500000000002E-01	2.410000012028E+01
0.000000000000E+00	-2.658755431773E+00	8.202539698284E+01	2.547842706588E+00	2.187757275496E+00	3.500000000002E-01	2.410000010440E+01
0.000000000000E+00	-2.680506987224E+00	8.227446619442E+01	2.583094155063E+00	2.166872587996E+00	3.500000000001E-01	2.410000007462E+01
0.000000000000E+00	-2.701770146901E+00	8.251661855382E+01	2.617205233908E+00	2.146012375640E+00	3.500000000001E-01	2.410000004026E+01
0.000000000000E+00	-2.722548587311E+00	8.275201283902E+01	2.650160648158E+00	2.125171699882E+00	3.500000000000E-01	2.410000000923E+01
0.000000000000E+00	-2.742845667764E+00	8.298079628479E+01	2.681992614837E+00	2.104351322665E+00	3.500000000000E-01	2.409999998782E+01
0.000000000000E+00	-2.762666761835E+00	8.320312504078E+01	2.712843151065E+00	2.083568366288E+00	3.500000000000E-01	2.409999997669E+01
0.000000000000E+00	-2.782017134049E+00	8.341914397327E+01	2.742710637782E+00	2.062850663999E+00	3.499999999999E-01	2.409999997322E+01
0.000000000000E+00	-2.800903173573E+00	8.362900608788E+01	2.771586737743E+00	2.042223623426E+00	3.500000000000E-01	2.409999997507E+01
0.000000000000E+00	-2.819330664475E+00	8.383285344766E+01	2.799467563042E+00	2.021711848176E+00	3.500000000000E-01	2.409999998021E+01
0.000000000000E+00	-2.837306421865E+00	8.403083548218E+01	2.826355507001E+00	2.001337372463E+00	3.500000000000E-01	2.409999998692E+01
0.000000000000E+00	-2.854836654162E+00	8.422309099389E+01	2.852256157584E+00	1.981121506436E+00	3.500000000000E-01	2.409999999375E+01
0.000000000000E+00	-2.871928520592E+00	8.440976544484E+01	2.877180073717E+00	1.961083099486E+00	3.500000000000E-01	2.409999999946E+01
0.000000000000E+00	-2.888588585367E+00	8.459099399776E+01	2.901188577820E+00	1.941229641695E+00	3.500000000000E-01	2.410000000319E+01
0.000000000000E+00	-2.904824349716E+00	8.476691782170E+01	2.924362033486E+00	1.921509924618E+00	3.500000000000E-01	2.410000000512E+01
0.000000000000E+00	-2.920642718056E+00	8.493766812738E+01	2.946701934013E+00	1.901864275002E+00	3.500000000000E-01	2.410000000571E+01
0.000000000000E+00	-2.936051381620E+00	8.510338155617E+01	2.968213776221E+00	1.882244524345E+00	3.500000000000E-01	2.410000000536E+01
0.000000000000E+00	-2.951057415512E+00	8.526418514288E+01	2.988905446214E+00	1.862614218925E+00	3.500000000000E-01	2.410000000440E+01
0.000000000000E+00	-2.965668616945E+00	8.542021081989E+01	3.008788628881E+00	1.842945503013E+00	3.500000000000E-01	2.410000000313E+01
0.000000000000E+00	-2.979892328689E+00	8.557158290185E+01	3.027876765524E+00	1.823219368752E+00	3.500000000000E-01	2.410000000179E+01
0.000000000000E+00	-2.993735939081E+00	8.571842357737E+01	3.046185385763E+00	1.803423881399E+00	3.500000000000E-01	2.410000000059E+01
0.000000000000E+00	-3.007207301257E+00	8.586085748837E+01	3.063729237761E+00	1.783552230494E+00	3.500000000000E-01	2.409999999970E+01
0.000000000000E+00	-3.020313479395E+00	8.599900057837E+01	3.080510274876E+00	1.763592599495E+00	3.500000000000E-01	2.409999999916E+01
0.000000000000E+00	-3.033061900325E+00	8.613297258530E+01	3.096577527326E+00	1.743524489108E+00	3.500000000000E-01	2.409999999890E+01
0.000000000000E+00	-3.045459466079E+00	8.626288488185E+01	3.111984000887E+00	1.723335225357E+00	3.500000000000E-01	2.409999999884E+01
0.000000000000E+00	-3.057513673603E+00	8.638885223212E+01	3.126778149102E+00	1.703018152857E+00	3.500000000000E-01	2.409999999894E+01
0.000000000000E+00	-3.069231508999E+00	8.651098139005E+01	3.141003031579E+00	1.682573353510E+00	3.500000000000E-01	2.409999999913E+01
0.000000000000E+00	-3.080620489302E+00	8.662938216341E+01	3.154698080742E+00	1.662004925886E+00	3.500000000000E-01	2.409999999936E+01
0.000000000000E+00	-3.091687619154E+00	8.674415670269E+01	3.167898275967E+00	1.641321945475E+00	3.500000000000E-01	2.409999999961E+01
0.000000000000E+00	-3.102440376850E+00	8.685540990774E+01	3.180635732287E+00	1.620535922368E+00	3.500000000000E-01	2.409999999983E+01
0.000000000000E+00	-3.112885730598E+00	8.696323936846E+01	3.192938380358E+00	1.599661959666E+00	3.500000000000E-01	2.410000000001E+01
0.000000000000E+00	-3.123031127873E+00	8.706774514438E+01	3.204743673004E+00	1.578706249061E+00	3.500000000000E-01	2.410000000013E+01
0.000000000000E+00	-3.132883673359E+00	8.716902031022E+01	3.216036906661E+00	1.557648719699E+00	3.500000000000E-01	2.410000000019E+01
0.000000000000E+00	-3.142450840609E+00	8.726716016955E+01	3.226874629471E+00	1.536470946415E+00	3.500000000000E-01	2.410000000022E+01
0.000000000000E+00	-3.151739565489E+00	8.736225339313E+01	3.237305841902E+00	1.515163567406E+00	3.500000000000E-01	2.410000000021E+01
0.000000000000E+00	-3.160757083709E+00	8.745439066115E+01	3.247373731823E+00	1.493723171839E+00	3.500000000000E-01	2.410000000019E+01
0.000000000000E+00	-3.169510113514E+00	8.754365634405E+01	3.257115461986E+00	1.472153057769E+00	3.500000000000E-01	2.410000000015E+01
0.000000000000E+00	-3.178005645494E+00	8.763013662114E+01	3.266563690184E+00	1.450460367933E+00	3.500000000000E-01	2.410000000011E+01
0.000000000000E+00	-3.186250172797E+00	8.771391167582E+01	3.275746284027E+00	1.428657114765E+00	3.500000000000E-01	2.410000000007E+01
0.000000000000E+00	-3.194250435626E+00	8.779506332018E+01	3.284687664516E+00	1.406757515276E+00	3.500000000000E-01	2.410000000003E+01
0.000000000000E+00	-3.202012696556E+00	8.787366767450E+01	3.293408277723E+00	1.384779231472E+00	3.500000000000E-01	2.410000000000E+01
0.000000000000E+00	-3.209543480082E+00	8.794980232200E+01	3.301844519545E+00	1.362703357257E+00	3.500000000000E-01	2.409999999998E+01
0.000000000000E+00	-3.216849050457E+00	8.802354023123E+01	3.309967332209E+00	1.340395909426E+00	3.500000000000E-01	2.409999999997E+01
0.000000000000E+00	-3.223935555513E+00	8.809495250957E+01	3.317820047348E+00	1.317727256833E+00	3.500000000000E-01	2.409999999996E+01
0.000000000000E+00	-3.230809221439E+00	8.816411067406E+01	3.325439982650E+00	1.294597714865E+00	3.500000000000E-01	2.409999999996E+01
0.000000000000E+00	-3.237475818535E+00	8.823108126730E+01	3.332858593593E+00	1.270935092204E+00	3.500000000000E-01	2.409999999997E+01
0.000000000000E+00	-3.243941268321E+00	8.829593196572E+01	3.340102813803E+00	1.246688916769E+00	3.500000000000E-01	2.409999999997E+01
0.000000000000E+00	-3.250211061838E+00	8.835872573760E+01	3.347195002298E+00	1.221829193051E+00	3.500000000000E-01	2.409999999998E+01
0.000000000000E+00	-3.256290830515E+00	8.841952657368E+01	3.354154115831E+00	1.196341330190E+00	3.500000000000E-01	2.409999999999E+01
0.000000000000E+00	-3.262185798943E+00	8.847839401210E+01	3.360995563480E+00	1.170225721527E+00	3.500000000000E-01	2.409999999999E+01
0.000000000000E+00	-3.267901321577E+00	8.853538851353E+01	3.367732243678E+00	1.143493212478E+00	3.500000000000E-01	2.410000000000E+01
0.000000000000E+00	-3.273442296625E+00	8.859056633804E+01	3.374818833968E+00	1.116118946886E+00	3.500000000000E-01	2.410000000000E+01
0.000000000000E+00	-3.278813268074E+00	8.864398462670E+01	3.382778917814E+00	1.087776964899E+00	3.500000000000E-01	2.410000000000E+01
0.000000000000E+00	-3.284018316790E+00	8.869569655676E+01	3.391043250598E+00	1.058084399971E+00	3.500000000000E-01	2.410000000001E+01
0.000000000000E+00	-3.289061760622E+00	8.874575604524E+01	3.399115059432E+00	1.026744381873E+00	3.500000000000E-01	2.410000000001E+01
0.000000000000E+00	-3.293947684278E+00	8.879421324735E+01	3.406585686248E+00	9.920903140442E-01	3.500000000000E-01	2.410000000000E+01
0.000000000000E+00	-3.298680369629E+00	8.884111898912E+01	3.413124118901E+00	9.476696131660E-01	3.500000000000E-01	2.410000000000E+01
0.000000000000E+00	-3.303263855984E+00	8.888652055052E+01	3.418466402576E+00	8.880763834089E-01	3.500000000000E-01	2.410000000000E+01
0.000000000000E+00	-3.307702346142E+00	8.893046582014E+01	3.422407336913E+00	8.103306092705E-01	3.500000000000E-01	2.410000000000E+01
0.000000000000E+00	-3.311999795939E+00	8.897299934547E+01	3.424792134191E+00	7.135889315945E-01	3.500000000000E-01	2.410000000000E+01
0.000000000000E+00	-3.316160296933E+00	8.901416622649E+01	3.425958916223E+00	5.988559917109E-01	3.500000000000E-01	2.410000000000E+01
0.000000000000E+00	-3.320187693245E+00	8.905400841656E+01	3.426724804706E+00	4.687206352631E-01	3.500000000000E-01	2.410000000000E+01
0.000000000000E+00	-3.324085941825E+00	8.909256837086E+01	3.427243953673E+00	3.270829898520E-01	3.500000000000E-01	2.410000000000E+01
0.000000000000E+00	-3.327858754759E+00	8.912988558232E+01	3.427635857960E+00	1.789132908085E-01	3.500000000000E-01	2.410000000000E+01
0.000000000000E+00	-3.331509938096E+00	8.916600000000E+01	3.428000000000E+00	3.000000000000E-02	3.500000000000E-01	2.410000000000E+01