# 5       105  60.00000 FFA-W3-"600" (Re=6x10^6)
-180.00000   0.00000   0.00000   0.00000
-175.00000   0.17360   0.00990   0.02180
-170.00000   0.34200   0.03920   0.04340
-165.00000   0.50000   0.08710   0.06470
-160.00000   0.64280   0.15210   0.08550
-155.00000   0.76600   0.23220   0.10570
-150.00000   0.86600   0.32500   0.12500
-145.00000   0.93970   0.42770   0.14340
-140.00000   0.98480   0.53710   0.16070
-135.00000   1.00000   0.65000   0.17680
-130.00000   0.98480   0.76290   0.19150
-125.00000   0.93970   0.87230   0.20480
-120.00000   0.86600   0.97500   0.21650
-115.00000   0.76600   1.06780   0.22660
-110.00000   0.64280   1.14790   0.23490
-105.00000   0.50000   1.21290   0.24150
-100.00000   0.34200   1.26080   0.24620
 -95.00000   0.17360   1.29010   0.24900
 -90.00000   0.00000   1.30000   0.25000
 -85.00000  -0.17360   1.29010   0.24900
 -80.00000  -0.34200   1.26080   0.24620
 -75.00000  -0.50000   1.21290   0.24150
 -70.00000  -0.64280   1.14790   0.23490
 -65.00000  -0.76600   1.06780   0.22660
 -60.00000  -0.86600   0.97500   0.21650
 -55.00000  -0.93970   0.87230   0.19780
 -50.00000  -0.98480   0.76290   0.17750
 -45.00000  -1.00000   0.65000   0.14880
 -40.00000  -0.95160   0.52820   0.11760
 -39.00000  -0.90390   0.50260   0.10760
 -38.00000  -0.82620   0.46710   0.09060
 -37.00000  -0.71850   0.43450   0.08050
 -36.00000  -0.62080   0.39890   0.06650
 -35.00000  -0.52310   0.36340   0.05950
 -34.00000  -0.44540   0.32780   0.05240
 -33.00000  -0.34770   0.30130   0.04540
 -32.00000  -0.25710   0.27290   0.04699
 -30.00000  -0.15740   0.23320   0.06060
 -28.00000  -0.07760   0.20340   0.07420
 -26.00000   0.01150   0.18580   0.08749
 -24.00000   0.10070   0.16810   0.10079
 -22.00000   0.19620   0.15260   0.11329
 -20.00000   0.29180   0.13700   0.12579
 -18.00000   0.39320   0.12400   0.13700
 -16.00000   0.49470   0.11090   0.14822
 -14.00000   0.60040   0.10090   0.15711
 -12.00000   0.70610   0.09080   0.16600
 -10.00000   0.78800   0.08360   0.16771
  -8.00000   0.87000   0.07650   0.16942
  -6.00000   0.83580   0.07480  -0.14700
  -4.00000   0.81620   0.07311  -0.12588
  -2.00000   0.66030   0.07553  -0.08764
   0.00000   0.51990   0.07795  -0.05062
   2.00000   0.26360   0.07795  -0.00078
   4.00000  -0.09060   0.07082   0.06962
   6.00000   0.16560   0.07483   0.01974
   8.00000   0.44750   0.08587  -0.02718
  10.00000   0.70710   0.09990  -0.06712
  12.00000   0.95400   0.11148  -0.10334
  14.00000   1.18910   0.12072  -0.13694
  16.00000   1.41830   0.13678  -0.16866
  18.00000   1.63920   0.14998  -0.19886
  20.00000   1.82160   0.16894  -0.22524
  22.00000   1.98370   0.20657  -0.25094
  24.00000   2.09850   0.30919  -0.27474
  26.00000   2.19040   0.43440  -0.29658
  28.00000   2.25410   0.55120  -0.31712
  30.00000   2.27310   0.67320  -0.33352
  32.00000   2.27400   0.77560  -0.34854
  33.00000   2.27800   0.82090  -0.34660
  34.00000   2.26580   0.85510  -0.34760
  35.00000   2.24080   0.88620  -0.34870
  36.00000   2.23310   0.91410  -0.34270
  37.00000   2.21340   0.93900  -0.33660
  38.00000   2.18200   0.97090  -0.33050
  39.00000   2.13910   0.99960  -0.32440
  40.00000   2.09510   1.02540  -0.31830
  45.00000   1.83700   1.14190  -0.30030
  50.00000   1.51560   1.16150  -0.29137
  55.00000   1.20080   1.16570  -0.28243
  60.00000   0.96600   1.17500  -0.27350
  65.00000   0.76600   1.17780  -0.26360
  70.00000   0.64280   1.19790  -0.25490
  75.00000   0.50000   1.21290  -0.25150
  80.00000   0.34200   1.26080  -0.24620
  85.00000   0.17360   1.29010  -0.24900
  90.00000   0.00000   1.30000  -0.25000
  95.00000  -0.17360   1.29010  -0.24900
 100.00000  -0.34200   1.26080  -0.24620
 105.00000  -0.50000   1.21290  -0.24150
 110.00000  -0.64280   1.14790  -0.23490
 115.00000  -0.76600   1.06780  -0.22660
 120.00000  -0.86600   0.97500  -0.21650
 125.00000  -0.93970   0.87230  -0.20480
 130.00000  -0.98480   0.76290  -0.19150
 135.00000  -1.00000   0.65000  -0.17680
 140.00000  -0.98480   0.53710  -0.16070
 145.00000  -0.93970   0.42770  -0.14340
 150.00000  -0.86600   0.32500  -0.12500
 155.00000  -0.76600   0.23220  -0.10570
 160.00000  -0.64280   0.15210  -0.08550
 165.00000  -0.50000   0.08710  -0.06470
 170.00000  -0.34200   0.03920  -0.04340
 175.00000  -0.17360   0.00990  -0.02180
 180.00000   0.00000   0.00000   0.00000