# 3       105  36.00000 FFA-W3-360 (Re=10x10^6)
-180.00000   0.00000   0.00000   0.00000
-175.00000   0.17360   0.00990   0.02180
-170.00000   0.34200   0.03920   0.04340
-165.00000   0.50000   0.08710   0.06470
-160.00000   0.64280   0.15210   0.08550
-155.00000   0.76600   0.23220   0.10570
-150.00000   0.86600   0.32500   0.12500
-145.00000   0.93970   0.42770   0.14340
-140.00000   0.98480   0.53710   0.16070
-135.00000   1.00000   0.65000   0.17680
-130.00000   0.98480   0.76290   0.19150
-125.00000   0.93970   0.87230   0.20480
-120.00000   0.86600   0.97500   0.21650
-115.00000   0.76600   1.06780   0.22660
-110.00000   0.64280   1.14790   0.23490
-105.00000   0.50000   1.21290   0.24150
-100.00000   0.34200   1.26080   0.24620
 -95.00000   0.17360   1.29010   0.24900
 -90.00000   0.00000   1.30000   0.25000
 -85.00000  -0.17360   1.29010   0.24900
 -80.00000  -0.34200   1.26080   0.24620
 -75.00000  -0.50000   1.21290   0.24150
 -70.00000  -0.64280   1.14790   0.23490
 -65.00000  -0.76600   1.06780   0.22660
 -60.00000  -0.86600   0.97500   0.21650
 -55.00000  -0.93970   0.87230   0.20480
 -50.00000  -0.98480   0.76290   0.19150
 -45.00000  -1.00000   0.65000   0.17680
 -40.00000  -0.97160   0.53520   0.14160
 -39.00000  -0.96390   0.51360   0.13460
 -38.00000  -0.94620   0.48510   0.12760
 -37.00000  -0.92850   0.46350   0.12050
 -36.00000  -0.91080   0.43490   0.11350
 -35.00000  -0.89310   0.40640   0.09650
 -34.00000  -0.88540   0.37780   0.07940
 -33.00000  -0.86770   0.35230   0.06240
 -32.00000  -0.85640   0.33150   0.04470
 -30.00000  -0.83780   0.27770   0.03270
 -28.00000  -0.81910   0.23380   0.02080
 -26.00000  -0.79240   0.20450   0.01020
 -24.00000  -0.77560   0.17510  -0.00040
 -22.00000  -0.74410   0.15130  -0.00890
 -20.00000  -0.71260   0.12740  -0.01740
 -18.00000  -0.66780   0.10850  -0.02290
 -16.00000  -0.62310   0.08960  -0.02850
 -14.00000  -0.57420   0.07480  -0.03000
 -12.00000  -0.52520   0.06000  -0.03140
 -10.00000  -0.48270   0.04850  -0.02790
  -8.00000  -0.44020   0.03700  -0.02440
  -6.00000  -0.29830   0.02940  -0.03590
  -4.00000  -0.15640   0.02190  -0.04740
  -2.00000   0.17440   0.02030  -0.07820
   0.00000   0.50530   0.01870  -0.10900
   2.00000   0.82410   0.01880  -0.13290
   4.00000   1.12090   0.01960  -0.15100
   6.00000   1.38970   0.02130  -0.16298
   8.00000   1.62540   0.02400  -0.16908
  10.00000   1.81090   0.02790  -0.16832
  12.00000   1.85890   0.03650  -0.15848
  14.00000   1.81590   0.07600  -0.15576
  16.00000   1.77860   0.11650  -0.16696
  18.00000   1.75600   0.15710  -0.18094
  20.00000   1.76300   0.20630  -0.19598
  22.00000   1.80020   0.30570  -0.21428
  24.00000   1.84950   0.41530  -0.23648
  26.00000   1.87750   0.51630  -0.25882
  28.00000   1.88280   0.60690  -0.27966
  30.00000   1.86890   0.68920  -0.29830
  32.00000   1.84390   0.76250  -0.31466
  33.00000   1.83490   0.79540  -0.31660
  34.00000   1.82970   0.82320  -0.31060
  35.00000   1.81360   0.84460  -0.30470
  36.00000   1.78540   0.86840  -0.29870
  37.00000   1.76690   0.89120  -0.29260
  38.00000   1.72690   0.90660  -0.28650
  39.00000   1.68640   0.92550  -0.28440
  40.00000   1.64580   0.93850  -0.28030
  45.00000   1.44730   1.02900  -0.26330
  50.00000   1.13560   1.07150  -0.25437
  55.00000   0.98080   1.08570  -0.24543
  60.00000   0.86600   1.10000  -0.23650
  65.00000   0.76600   1.12780  -0.23660
  70.00000   0.64280   1.16290  -0.23890
  75.00000   0.50000   1.21290  -0.24150
  80.00000   0.34200   1.26080  -0.24620
  85.00000   0.17360   1.29010  -0.24900
  90.00000   0.00000   1.30000  -0.25000
  95.00000  -0.17360   1.29010  -0.24900
 100.00000  -0.34200   1.26080  -0.24620
 105.00000  -0.50000   1.21290  -0.24150
 110.00000  -0.64280   1.14790  -0.23490
 115.00000  -0.76600   1.06780  -0.22660
 120.00000  -0.86600   0.97500  -0.21650
 125.00000  -0.93970   0.87230  -0.20480
 130.00000  -0.98480   0.76290  -0.19150
 135.00000  -1.00000   0.65000  -0.17680
 140.00000  -0.98480   0.53710  -0.16070
 145.00000  -0.93970   0.42770  -0.14340
 150.00000  -0.86600   0.32500  -0.12500
 155.00000  -0.76600   0.23220  -0.10570
 160.00000  -0.64280   0.15210  -0.08550
 165.00000  -0.50000   0.08710  -0.06470
 170.00000  -0.34200   0.03920  -0.04340
 175.00000  -0.17360   0.00990  -0.02180
 180.00000   0.00000   0.00000   0.00000