# 4       105  48.00000 FFA-W3-"480" (Re=10x10^6)
-180.00000   0.00000   0.00000   0.00000
-175.00000   0.17360   0.00990   0.02180
-170.00000   0.34200   0.03920   0.04340
-165.00000   0.50000   0.08710   0.06470
-160.00000   0.64280   0.15210   0.08550
-155.00000   0.76600   0.23220   0.10570
-150.00000   0.86600   0.32500   0.12500
-145.00000   0.93970   0.42770   0.14340
-140.00000   0.98480   0.53710   0.16070
-135.00000   1.00000   0.65000   0.17680
-130.00000   0.98480   0.76290   0.19150
-125.00000   0.93970   0.87230   0.20480
-120.00000   0.86600   0.97500   0.21650
-115.00000   0.76600   1.06780   0.22660
-110.00000   0.64280   1.14790   0.23490
-105.00000   0.50000   1.21290   0.24150
-100.00000   0.34200   1.26080   0.24620
 -95.00000   0.17360   1.29010   0.24900
 -90.00000   0.00000   1.30000   0.25000
 -85.00000  -0.17360   1.29010   0.24900
 -80.00000  -0.34200   1.26080   0.24620
 -75.00000  -0.50000   1.21290   0.24150
 -70.00000  -0.64280   1.14790   0.23490
 -65.00000  -0.76600   1.06780   0.22660
 -60.00000  -0.86600   0.97500   0.21650
 -55.00000  -0.93970   0.87230   0.19780
 -50.00000  -0.98480   0.76290   0.17750
 -45.00000  -1.00000   0.65000   0.15580
 -40.00000  -0.98160   0.53520   0.12460
 -39.00000  -0.95390   0.51360   0.11060
 -38.00000  -0.92620   0.48510   0.09660
 -37.00000  -0.88850   0.45650   0.08250
 -36.00000  -0.85080   0.42790   0.06550
 -35.00000  -0.82310   0.39240   0.05850
 -34.00000  -0.78540   0.36380   0.04840
 -33.00000  -0.74770   0.33830   0.03840
 -32.00000  -0.70110   0.31230   0.03050
 -30.00000  -0.62080   0.26630   0.02000
 -28.00000  -0.54060   0.24020   0.00940
 -26.00000  -0.46940   0.21690  -0.00060
 -24.00000  -0.38810   0.19360  -0.01060
 -22.00000  -0.31610   0.17320  -0.01970
 -20.00000  -0.24420   0.15290  -0.02890
 -18.00000  -0.16410   0.13550  -0.03680
 -16.00000  -0.08410   0.11800  -0.04480
 -14.00000   0.00210   0.10350  -0.05100
 -12.00000   0.08830   0.08900  -0.05720
 -10.00000   0.17220   0.07730  -0.06040
  -8.00000   0.25610   0.06560  -0.06360
  -6.00000   0.31790   0.05630  -0.06050
  -4.00000   0.37980   0.04700  -0.05740
  -2.00000   0.35730   0.04050  -0.03510
   0.00000   0.33480   0.03410  -0.01280
   2.00000   0.56520   0.03160  -0.04940
   4.00000   0.87690   0.03430  -0.08940
   6.00000   1.04250   0.04510  -0.11168
   8.00000   0.94870   0.07000  -0.12084
  10.00000   0.90880   0.08860  -0.13760
  12.00000   0.97610   0.09930  -0.15942
  14.00000   1.11300   0.10700  -0.18234
  16.00000   1.30650   0.11630  -0.20664
  18.00000   1.54140   0.13170  -0.23150
  20.00000   1.80490   0.15700  -0.25662
  22.00000   2.00200   0.27570  -0.28058
  24.00000   2.12160   0.42240  -0.30574
  26.00000   2.19160   0.56100  -0.32940
  28.00000   2.22910   0.68610  -0.35198
  30.00000   2.23220   0.79580  -0.37100
  32.00000   2.21880   0.89150  -0.38784
  33.00000   2.20920   0.92290  -0.38450
  34.00000   2.19270   0.94720  -0.38060
  35.00000   2.16250   0.96640  -0.37470
  36.00000   2.13130   0.98890  -0.36870
  37.00000   2.08780   1.00730  -0.36260
  38.00000   2.04350   1.02840  -0.35650
  39.00000   1.99840   1.05210  -0.35040
  40.00000   1.94180   1.07690  -0.34430
  45.00000   1.65350   1.16970  -0.32330
  50.00000   1.30160   1.19650  -0.30437
  55.00000   1.03080   1.19570  -0.29543
  60.00000   0.86600   1.19000  -0.28650
  65.00000   0.76600   1.19280  -0.27660
  70.00000   0.64280   1.20290  -0.26490
  75.00000   0.50000   1.21290  -0.25150
  80.00000   0.34200   1.26080  -0.24620
  85.00000   0.17360   1.29010  -0.24900
  90.00000   0.00000   1.30000  -0.25000
  95.00000  -0.17360   1.29010  -0.24900
 100.00000  -0.34200   1.26080  -0.24620
 105.00000  -0.50000   1.21290  -0.24150
 110.00000  -0.64280   1.14790  -0.23490
 115.00000  -0.76600   1.06780  -0.22660
 120.00000  -0.86600   0.97500  -0.21650
 125.00000  -0.93970   0.87230  -0.20480
 130.00000  -0.98480   0.76290  -0.19150
 135.00000  -1.00000   0.65000  -0.17680
 140.00000  -0.98480   0.53710  -0.16070
 145.00000  -0.93970   0.42770  -0.14340
 150.00000  -0.86600   0.32500  -0.12500
 155.00000  -0.76600   0.23220  -0.10570
 160.00000  -0.64280   0.15210  -0.08550
 165.00000  -0.50000   0.08710  -0.06470
 170.00000  -0.34200   0.03920  -0.04340
 175.00000  -0.17360   0.00990  -0.02180
 180.00000   0.00000   0.00000   0.00000