# 2       105  30.10000 FFA-W3-301 (Re=10x10^6)
-180.00000   0.00000   0.00000   0.00000
-175.00000   0.17360   0.00990   0.02180
-170.00000   0.34200   0.03920   0.04340
-165.00000   0.50000   0.08710   0.06470
-160.00000   0.64280   0.15210   0.08550
-155.00000   0.76600   0.23220   0.10570
-150.00000   0.86600   0.32500   0.12500
-145.00000   0.93970   0.42770   0.14340
-140.00000   0.98480   0.53710   0.16070
-135.00000   1.00000   0.65000   0.17680
-130.00000   0.98480   0.76290   0.19150
-125.00000   0.93970   0.87230   0.20480
-120.00000   0.86600   0.97500   0.21650
-115.00000   0.76600   1.06780   0.22660
-110.00000   0.64280   1.14790   0.23490
-105.00000   0.50000   1.21290   0.24150
-100.00000   0.34200   1.26080   0.24620
 -95.00000   0.17360   1.29010   0.24900
 -90.00000   0.00000   1.30000   0.25000
 -85.00000  -0.17360   1.29010   0.24900
 -80.00000  -0.34200   1.26080   0.24620
 -75.00000  -0.50000   1.21290   0.24150
 -70.00000  -0.64280   1.14790   0.23490
 -65.00000  -0.76600   1.06780   0.22660
 -60.00000  -0.86600   0.97500   0.21650
 -55.00000  -0.93970   0.87230   0.20480
 -50.00000  -0.98480   0.76290   0.19150
 -45.00000  -1.00000   0.65000   0.17680
 -40.00000  -1.02160   0.53520   0.14160
 -39.00000  -1.02390   0.50660   0.13460
 -38.00000  -1.01620   0.48510   0.12760
 -37.00000  -1.01850   0.45650   0.12050
 -36.00000  -1.01080   0.42790   0.11350
 -35.00000  -1.00310   0.39940   0.09650
 -34.00000  -0.99540   0.37080   0.07940
 -33.00000  -0.98770   0.33530   0.06240
 -32.00000  -0.98350   0.30970   0.05150
 -30.00000  -0.97030   0.26630   0.03890
 -28.00000  -0.96720   0.22290   0.02630
 -26.00000  -0.94410   0.19410   0.01540
 -24.00000  -0.93100   0.16540   0.00450
 -22.00000  -0.90470   0.14170  -0.00390
 -20.00000  -0.87840   0.11810  -0.01230
 -18.00000  -0.84590   0.09860  -0.01750
 -16.00000  -0.81340   0.07920  -0.02270
 -14.00000  -0.77280   0.06430  -0.02350
 -12.00000  -0.73220   0.04950  -0.02440
 -10.00000  -0.69350   0.03810  -0.02270
  -8.00000  -0.65470   0.02670  -0.02100
  -6.00000  -0.45070   0.02040  -0.03890
  -4.00000  -0.24670   0.01400  -0.05690
  -2.00000   0.02950   0.01290  -0.07170
   0.00000   0.30560   0.01180  -0.08650
   2.00000   0.56700   0.01190  -0.09540
   4.00000   0.81990   0.01250  -0.10240
   6.00000   1.06140   0.01360  -0.10710
   8.00000   1.28740   0.01520  -0.10940
  10.00000   1.48400   0.01800  -0.10796
  12.00000   1.63880   0.02240  -0.10256
  14.00000   1.73270   0.03030  -0.09524
  16.00000   1.71420   0.05390  -0.09104
  18.00000   1.68280   0.09540  -0.09794
  20.00000   1.65670   0.14350  -0.11030
  22.00000   1.64440   0.22800  -0.12996
  24.00000   1.63290   0.31480  -0.15332
  26.00000   1.63330   0.39260  -0.17600
  28.00000   1.61750   0.46230  -0.19658
  30.00000   1.59750   0.52660  -0.21490
  32.00000   1.57080   0.58550  -0.23130
  33.00000   1.57580   0.62150  -0.23660
  34.00000   1.55710   0.65620  -0.24060
  35.00000   1.54750   0.68970  -0.24470
  36.00000   1.52680   0.71480  -0.24870
  37.00000   1.52590   0.74640  -0.24960
  38.00000   1.51390   0.77620  -0.24550
  39.00000   1.49180   0.79820  -0.24440
  40.00000   1.45960   0.81970  -0.24230
  45.00000   1.29510   0.91220  -0.23730
  50.00000   1.12560   0.96650  -0.23537
  55.00000   0.98080   0.99570  -0.23243
  60.00000   0.86600   1.03500  -0.23350
  65.00000   0.76600   1.08280  -0.23360
  70.00000   0.64280   1.14790  -0.23490
  75.00000   0.50000   1.21290  -0.24150
  80.00000   0.34200   1.26080  -0.24620
  85.00000   0.17360   1.29010  -0.24900
  90.00000   0.00000   1.30000  -0.25000
  95.00000  -0.17360   1.29010  -0.24900
 100.00000  -0.34200   1.26080  -0.24620
 105.00000  -0.50000   1.21290  -0.24150
 110.00000  -0.64280   1.14790  -0.23490
 115.00000  -0.76600   1.06780  -0.22660
 120.00000  -0.86600   0.97500  -0.21650
 125.00000  -0.93970   0.87230  -0.20480
 130.00000  -0.98480   0.76290  -0.19150
 135.00000  -1.00000   0.65000  -0.17680
 140.00000  -0.98480   0.53710  -0.16070
 145.00000  -0.93970   0.42770  -0.14340
 150.00000  -0.86600   0.32500  -0.12500
 155.00000  -0.76600   0.23220  -0.10570
 160.00000  -0.64280   0.15210  -0.08550
 165.00000  -0.50000   0.08710  -0.06470
 170.00000  -0.34200   0.03920  -0.04340
 175.00000  -0.17360   0.00990  -0.02180
 180.00000   0.00000   0.00000   0.00000