# # mode shapes
2.8000700678e+00	3.6106400000e-10	1.6069200000e-09	1.1909800000e-11	6.7818500000e-09	-6.2001100000e-10	4.5479100000e-10	-6.4979100000e-11	-7.7022300000e-09	1.6664900000e-10	-2.7787400000e-08	-3.7509700000e-10	6.1475500000e-10	-2.5624900000e-09	2.2150700000e-08	-4.7274300000e-10	8.5485200000e-08	2.9443600000e-08	-1.8432500000e-10	0.0000000000e+00	0.0000000000e+00	0.0000000000e+00	0.0000000000e+00	0.0000000000e+00	0.0000000000e+00	0.0000000000e+00	0.0000000000e+00	0.0000000000e+00
4.5448400000e+00	2.0978200000e-05	1.2054400000e-04	4.0838200000e-07	4.1542500000e-04	-5.3170300000e-05	1.1905300000e-05	1.2201600000e-05	-4.1192200000e-04	3.9470700000e-06	-1.1622500000e-03	1.0299900000e-05	1.4112100000e-05	-1.2663000000e-04	9.8033700000e-04	-1.1441500000e-05	2.9962900000e-03	1.1038100000e-03	-1.8495000000e-06	0.0000000000e+00	0.0000000000e+00	0.0000000000e+00	0.0000000000e+00	0.0000000000e+00	0.0000000000e+00	0.0000000000e+00	0.0000000000e+00	0.0000000000e+00
5.4172300000e+00	4.0641400000e-05	2.4043100000e-04	3.6876100000e-07	8.0418300000e-04	-1.0645300000e-04	1.8067000000e-05	2.6756900000e-05	-7.7904900000e-04	6.5018600000e-06	-2.0810300000e-03	2.4835300000e-05	1.9783700000e-05	-2.2992700000e-04	1.7802800000e-03	-1.8210900000e-05	5.1055200000e-03	1.9360400000e-03	-2.2414100000e-06	0.0000000000e+00	0.0000000000e+00	0.0000000000e+00	0.0000000000e+00	0.0000000000e+00	0.0000000000e+00	0.0000000000e+00	0.0000000000e+00	0.0000000000e+00
6.2896000000e+00	6.6681200000e-05	3.9898000000e-04	7.0105300000e-07	1.3108000000e-03	-1.7577100000e-04	2.3930400000e-05	4.4826500000e-05	-1.2485500000e-03	8.0868500000e-06	-3.2143200000e-03	3.9634000000e-05	2.6379500000e-05	-3.5245600000e-04	2.7719300000e-03	-2.3158000000e-05	7.5972800000e-03	2.9560300000e-03	-2.0545000000e-06	0.0000000000e+00	0.0000000000e+00	0.0000000000e+00	0.0000000000e+00	0.0000000000e+00	0.0000000000e+00	0.0000000000e+00	0.0000000000e+00	0.0000000000e+00
7.1619900000e+00	9.8984900000e-05	5.9560500000e-04	2.3241400000e-06	1.9337800000e-03	-2.6112000000e-04	2.9712100000e-05	6.6487200000e-05	-1.8179100000e-03	6.3554100000e-06	-4.5552200000e-03	5.4734000000e-05	3.2384700000e-05	-4.9356000000e-04	3.9481500000e-03	-2.1965200000e-05	1.0448700000e-02	4.1543200000e-03	5.3924700000e-06	0.0000000000e+00	0.0000000000e+00	0.0000000000e+00	0.0000000000e+00	0.0000000000e+00	0.0000000000e+00	0.0000000000e+00	0.0000000000e+00	0.0000000000e+00
8.0344000000e+00	1.3758400000e-04	8.3048900000e-04	3.5812700000e-06	2.6735600000e-03	-3.6254300000e-04	3.5852700000e-05	9.1690700000e-05	-2.4870000000e-03	5.7506300000e-06	-6.1011500000e-03	6.9834500000e-05	3.8556400000e-05	-6.5255400000e-04	5.3071600000e-03	-2.3120300000e-05	1.3647200000e-02	5.5290000000e-03	1.0722100000e-05	0.0000000000e+00	0.0000000000e+00	0.0000000000e+00	0.0000000000e+00	0.0000000000e+00	0.0000000000e+00	0.0000000000e+00	0.0000000000e+00	0.0000000000e+00
8.9068100000e+00	1.8255400000e-04	1.1042600000e-03	-1.2369700000e-06	3.5319100000e-03	-4.7970600000e-04	4.3440200000e-05	1.2055900000e-04	-3.2561900000e-03	2.0971100000e-05	-7.8507300000e-03	8.5422200000e-05	4.7107800000e-05	-8.2923700000e-04	6.8469500000e-03	-5.3601100000e-05	1.7180400000e-02	7.0765900000e-03	-1.5615700000e-05	0.0000000000e+00	0.0000000000e+00	0.0000000000e+00	0.0000000000e+00	0.0000000000e+00	0.0000000000e+00	0.0000000000e+00	0.0000000000e+00	0.0000000000e+00
9.7794200000e+00	2.3414900000e-04	1.4182800000e-03	-1.1917400000e-06	4.5125200000e-03	-6.1361600000e-04	4.9984900000e-05	1.5306600000e-04	-4.1287600000e-03	2.3656200000e-05	-9.8083100000e-03	1.0066400000e-04	5.5459200000e-05	-1.0234700000e-03	8.5723900000e-03	-6.0907700000e-05	2.1048800000e-02	8.8007900000e-03	-1.7632000000e-05	0.0000000000e+00	0.0000000000e+00	0.0000000000e+00	0.0000000000e+00	0.0000000000e+00	0.0000000000e+00	0.0000000000e+00	0.0000000000e+00	0.0000000000e+00
1.0652110000e+01	2.9248000000e-04	1.7744300000e-03	2.7887900000e-06	5.6176600000e-03	-7.6567900000e-04	5.5818300000e-05	1.8975700000e-04	-5.1088800000e-03	1.6203100000e-05	-1.1971700000e-02	1.1687200000e-04	5.9856000000e-05	-1.2363600000e-03	1.0489100000e-02	-4.9804500000e-05	2.5228600000e-02	1.0698100000e-02	1.2420200000e-06	0.0000000000e+00	0.0000000000e+00	0.0000000000e+00	0.0000000000e+00	0.0000000000e+00	0.0000000000e+00	0.0000000000e+00	0.0000000000e+00	0.0000000000e+00
1.1525210000e+01	3.5895800000e-04	2.1756700000e-03	3.3211600000e-06	6.8501800000e-03	-9.3303000000e-04	5.3645900000e-05	2.2723300000e-04	-6.2026500000e-03	1.4133600000e-05	-1.4338600000e-02	1.2614100000e-04	5.5897500000e-05	-1.4600100000e-03	1.2605200000e-02	-4.5713500000e-05	2.9703500000e-02	1.2791700000e-02	2.3702200000e-06	0.0000000000e+00	0.0000000000e+00	0.0000000000e+00	0.0000000000e+00	0.0000000000e+00	0.0000000000e+00	0.0000000000e+00	0.0000000000e+00	0.0000000000e+00
1.2399780000e+01	4.3657500000e-04	2.6241600000e-03	-1.3095300000e-06	8.2233500000e-03	-1.1091400000e-03	4.8919900000e-05	2.5939200000e-04	-7.4106700000e-03	2.3802500000e-05	-1.6934100000e-02	1.1474400000e-04	5.3360700000e-05	-1.6832000000e-03	1.4912300000e-02	-6.1345300000e-05	3.4530200000e-02	1.5097100000e-02	-2.3922500000e-05	0.0000000000e+00	0.0000000000e+00	0.0000000000e+00	0.0000000000e+00	0.0000000000e+00	0.0000000000e+00	0.0000000000e+00	0.0000000000e+00	0.0000000000e+00
1.3275700000e+01	5.2764000000e-04	3.1229500000e-03	-6.6102500000e-06	9.7499100000e-03	-1.2907800000e-03	5.9468900000e-05	2.8283200000e-04	-8.7381100000e-03	4.1380600000e-05	-1.9776800000e-02	7.5505300000e-05	6.7975800000e-05	-1.9010300000e-03	1.7414500000e-02	-9.6530000000e-05	3.9731800000e-02	1.7623500000e-02	-5.7642700000e-05	0.0000000000e+00	0.0000000000e+00	0.0000000000e+00	0.0000000000e+00	0.0000000000e+00	0.0000000000e+00	0.0000000000e+00	0.0000000000e+00	0.0000000000e+00
1.4150300000e+01	6.3353600000e-04	3.6745900000e-03	5.7486900000e-06	1.1434100000e-02	-1.4775600000e-03	6.8653000000e-05	2.9495700000e-04	-1.0190100000e-02	1.7611000000e-05	-2.2864800000e-02	-1.3108800000e-06	8.4202800000e-05	-2.1078600000e-03	2.0117000000e-02	-6.3012400000e-05	4.5280800000e-02	2.0379100000e-02	-2.7314900000e-05	0.0000000000e+00	0.0000000000e+00	0.0000000000e+00	0.0000000000e+00	0.0000000000e+00	0.0000000000e+00	0.0000000000e+00	0.0000000000e+00	0.0000000000e+00
1.5024700000e+01	7.5669200000e-04	4.2859300000e-03	1.0413500000e-05	1.3285900000e-02	-1.6661500000e-03	8.3978900000e-05	2.9189400000e-04	-1.1780800000e-02	1.5684000000e-05	-2.6203200000e-02	-1.2213200000e-04	1.0749600000e-04	-2.2971800000e-03	2.3039200000e-02	-7.1260800000e-05	5.1159000000e-02	2.3385700000e-02	-4.0413400000e-05	0.0000000000e+00	0.0000000000e+00	0.0000000000e+00	0.0000000000e+00	0.0000000000e+00	0.0000000000e+00	0.0000000000e+00	0.0000000000e+00	0.0000000000e+00
1.5901300000e+01	9.0006100000e-04	4.9665400000e-03	4.7059900000e-06	1.5317700000e-02	-1.8535100000e-03	1.0349500000e-04	2.6960500000e-04	-1.3529200000e-02	4.0708900000e-05	-2.9798600000e-02	-2.9270400000e-04	1.3854800000e-04	-2.4634300000e-03	2.6205100000e-02	-1.2775900000e-04	5.7343400000e-02	2.6659800000e-02	-1.0458900000e-04	0.0000000000e+00	0.0000000000e+00	0.0000000000e+00	0.0000000000e+00	0.0000000000e+00	0.0000000000e+00	0.0000000000e+00	0.0000000000e+00	0.0000000000e+00
1.6776900000e+01	1.0652500000e-03	5.7209800000e-03	-1.7205200000e-06	1.7527100000e-02	-2.0366800000e-03	1.2265800000e-04	2.2541500000e-04	-1.5440200000e-02	6.8730400000e-05	-3.3629300000e-02	-5.1735200000e-04	1.7722200000e-04	-2.6025800000e-03	2.9609400000e-02	-1.9119500000e-04	6.3754100000e-02	3.0176500000e-02	-1.8472700000e-04	0.0000000000e+00	0.0000000000e+00	0.0000000000e+00	0.0000000000e+00	0.0000000000e+00	0.0000000000e+00	0.0000000000e+00	0.0000000000e+00	0.0000000000e+00
1.7651900000e+01	1.2538600000e-03	6.5558600000e-03	4.4906500000e-06	1.9916900000e-02	-2.2165700000e-03	1.4404800000e-04	1.5706700000e-04	-1.7525800000e-02	7.0680200000e-05	-3.7685500000e-02	-8.0084400000e-04	2.1750700000e-04	-2.7113100000e-03	3.3262400000e-02	-2.1717400000e-04	7.0335700000e-02	3.3925900000e-02	-2.3668100000e-04	0.0000000000e+00	0.0000000000e+00	0.0000000000e+00	0.0000000000e+00	0.0000000000e+00	0.0000000000e+00	0.0000000000e+00	0.0000000000e+00	0.0000000000e+00
1.8524700000e+01	1.4677600000e-03	7.4784800000e-03	-3.2367600000e-07	2.2484400000e-02	-2.3881100000e-03	1.6632200000e-04	6.2103800000e-05	-1.9794700000e-02	1.0093000000e-04	-4.1941000000e-02	-1.1460000000e-03	2.7038400000e-04	-2.7875400000e-03	3.7161500000e-02	-2.9362200000e-04	7.7005700000e-02	3.7878400000e-02	-3.4162000000e-04	0.0000000000e+00	0.0000000000e+00	0.0000000000e+00	0.0000000000e+00	0.0000000000e+00	0.0000000000e+00	0.0000000000e+00	0.0000000000e+00	0.0000000000e+00
1.9399300000e+01	1.7087400000e-03	8.4999800000e-03	3.1145500000e-06	2.5248400000e-02	-2.5535500000e-03	1.8654300000e-04	-5.7652000000e-05	-2.2267700000e-02	1.1553600000e-04	-4.6421800000e-02	-1.5491100000e-03	3.3040900000e-04	-2.8420100000e-03	4.1327600000e-02	-3.5125900000e-04	8.3777800000e-02	4.2003500000e-02	-4.3457200000e-04	0.0000000000e+00	0.0000000000e+00	0.0000000000e+00	0.0000000000e+00	0.0000000000e+00	0.0000000000e+00	0.0000000000e+00	0.0000000000e+00	0.0000000000e+00
2.0273900000e+01	1.9782700000e-03	9.6284100000e-03	2.5616900000e-06	2.8210500000e-02	-2.7152300000e-03	2.1261700000e-04	-2.0291200000e-04	-2.4954500000e-02	1.4372800000e-04	-5.1123400000e-02	-2.0020800000e-03	3.9766000000e-04	-2.8777100000e-03	4.5755500000e-02	-4.3617200000e-04	9.0613600000e-02	4.6248900000e-02	-5.5025100000e-04	0.0000000000e+00	0.0000000000e+00	0.0000000000e+00	0.0000000000e+00	0.0000000000e+00	0.0000000000e+00	0.0000000000e+00	0.0000000000e+00	0.0000000000e+00
2.1140700000e+01	2.2747000000e-03	1.0860200000e-02	7.0189800000e-06	3.1345400000e-02	-2.8758000000e-03	2.4751800000e-04	-3.7178800000e-04	-2.7837000000e-02	1.6661000000e-04	-5.5991700000e-02	-2.4936100000e-03	4.6705700000e-04	-2.8976700000e-03	5.0393400000e-02	-5.2026800000e-04	9.7394400000e-02	5.0522200000e-02	-6.6130600000e-04	0.0000000000e+00	0.0000000000e+00	0.0000000000e+00	0.0000000000e+00	0.0000000000e+00	0.0000000000e+00	0.0000000000e+00	0.0000000000e+00	0.0000000000e+00
2.2014500000e+01	2.6043900000e-03	1.2227000000e-02	-1.4487700000e-05	3.4713500000e-02	-3.0308800000e-03	2.8483600000e-04	-5.6379600000e-04	-3.0965900000e-02	2.4574000000e-04	-6.1092500000e-02	-3.0158800000e-03	5.5021000000e-04	-2.9152100000e-03	5.5280200000e-02	-6.8465200000e-04	1.0415900000e-01	5.4791100000e-02	-8.1488400000e-04	0.0000000000e+00	0.0000000000e+00	0.0000000000e+00	0.0000000000e+00	0.0000000000e+00	0.0000000000e+00	0.0000000000e+00	0.0000000000e+00	0.0000000000e+00
2.2888300000e+01	2.9653000000e-03	1.3724400000e-02	-2.3402100000e-05	3.8292100000e-02	-3.1843900000e-03	3.2563600000e-04	-7.7691200000e-04	-3.4322500000e-02	2.9974300000e-04	-6.6379300000e-02	-3.5639400000e-03	6.3346800000e-04	-2.9311800000e-03	6.0365600000e-02	-8.1296000000e-04	1.1080800000e-01	5.8982000000e-02	-9.2252900000e-04	0.0000000000e+00	0.0000000000e+00	0.0000000000e+00	0.0000000000e+00	0.0000000000e+00	0.0000000000e+00	0.0000000000e+00	0.0000000000e+00	0.0000000000e+00
2.3762200000e+01	3.3586700000e-03	1.5361300000e-02	-3.2131100000e-05	4.2086600000e-02	-3.3396300000e-03	3.7173300000e-04	-1.0121900000e-03	-3.7917700000e-02	3.5710200000e-04	-7.1850700000e-02	-4.1393300000e-03	7.2404100000e-04	-2.9444400000e-03	6.5644400000e-02	-9.4888200000e-04	1.1730800000e-01	6.3063500000e-02	-1.0239000000e-03	0.0000000000e+00	0.0000000000e+00	0.0000000000e+00	0.0000000000e+00	0.0000000000e+00	0.0000000000e+00	0.0000000000e+00	0.0000000000e+00	0.0000000000e+00
2.4626600000e+01	3.7808400000e-03	1.7129000000e-02	-6.5331200000e-05	4.6058500000e-02	-3.4917000000e-03	4.2002400000e-04	-1.2652000000e-03	-4.1715300000e-02	4.6498200000e-04	-7.7431400000e-02	-4.7274100000e-03	8.3184000000e-04	-2.9605800000e-03	7.1029800000e-02	-1.1489800000e-03	1.2353000000e-01	6.6923000000e-02	-1.1419400000e-03	0.0000000000e+00	0.0000000000e+00	0.0000000000e+00	0.0000000000e+00	0.0000000000e+00	0.0000000000e+00	0.0000000000e+00	0.0000000000e+00	0.0000000000e+00
2.5500200000e+01	4.2417000000e-03	1.9073500000e-02	-1.0703900000e-04	5.0298100000e-02	-3.6451500000e-03	4.7057500000e-04	-1.5400400000e-03	-4.5796900000e-02	5.8940700000e-04	-8.3227100000e-02	-5.3335200000e-03	9.5282200000e-04	-2.9832700000e-03	7.6602100000e-02	-1.3636000000e-03	1.2954200000e-01	7.0575300000e-02	-1.2346300000e-03	0.0000000000e+00	0.0000000000e+00	0.0000000000e+00	0.0000000000e+00	0.0000000000e+00	0.0000000000e+00	0.0000000000e+00	0.0000000000e+00	0.0000000000e+00
2.6373600000e+01	4.7372000000e-03	2.1179100000e-02	-1.1661300000e-04	5.4768000000e-02	-3.8071100000e-03	5.2376400000e-04	-1.8328300000e-03	-5.0120500000e-02	6.5595300000e-04	-8.9165900000e-02	-5.9549500000e-03	1.0779500000e-03	-3.0132700000e-03	8.2281900000e-02	-1.5107300000e-03	1.3521100000e-01	7.3936300000e-02	-1.2706300000e-03	0.0000000000e+00	0.0000000000e+00	0.0000000000e+00	0.0000000000e+00	0.0000000000e+00	0.0000000000e+00	0.0000000000e+00	0.0000000000e+00	0.0000000000e+00
2.7246900000e+01	5.2682700000e-03	2.3454600000e-02	-1.3412800000e-04	5.9471700000e-02	-3.9787900000e-03	5.8286700000e-04	-2.1424400000e-03	-5.4684100000e-02	7.4277100000e-04	-9.5226600000e-02	-6.5814000000e-03	1.2158200000e-03	-3.0529900000e-03	8.8025700000e-02	-1.6851400000e-03	1.4046300000e-01	7.6935000000e-02	-1.3001800000e-03	0.0000000000e+00	0.0000000000e+00	0.0000000000e+00	0.0000000000e+00	0.0000000000e+00	0.0000000000e+00	0.0000000000e+00	0.0000000000e+00	0.0000000000e+00
2.8110500000e+01	5.8278500000e-03	2.5867900000e-02	-5.5946500000e-05	6.4356200000e-02	-4.1701000000e-03	6.3280500000e-04	-2.4618400000e-03	-5.9430000000e-02	6.6906200000e-04	-1.0132500000e-01	-7.2319200000e-03	1.3537900000e-03	-3.1057500000e-03	9.3771300000e-02	-1.7141700000e-03	1.4518700000e-01	7.9531900000e-02	-1.2797200000e-03	0.0000000000e+00	0.0000000000e+00	0.0000000000e+00	0.0000000000e+00	0.0000000000e+00	0.0000000000e+00	0.0000000000e+00	0.0000000000e+00	0.0000000000e+00
2.8983200000e+01	6.4298300000e-03	2.8488500000e-02	-1.7286600000e-05	6.9527400000e-02	-4.3819800000e-03	6.8849400000e-04	-2.7982800000e-03	-6.4465100000e-02	6.8575500000e-04	-1.0758100000e-01	-7.8966100000e-03	1.5228000000e-03	-3.1762600000e-03	9.9588100000e-02	-1.8707100000e-03	1.4944000000e-01	8.1685600000e-02	-1.3080300000e-03	0.0000000000e+00	0.0000000000e+00	0.0000000000e+00	0.0000000000e+00	0.0000000000e+00	0.0000000000e+00	0.0000000000e+00	0.0000000000e+00	0.0000000000e+00
2.9855800000e+01	7.0709800000e-03	3.1318700000e-02	-8.5466200000e-05	7.4930600000e-02	-4.5948900000e-03	7.5071200000e-04	-3.1480200000e-03	-6.9737600000e-02	8.8793600000e-04	-1.1389400000e-01	-8.5233800000e-03	1.7234900000e-03	-3.2719700000e-03	1.0530900000e-01	-2.1948700000e-03	1.5309500000e-01	8.3217000000e-02	-1.2996400000e-03	0.0000000000e+00	0.0000000000e+00	0.0000000000e+00	0.0000000000e+00	0.0000000000e+00	0.0000000000e+00	0.0000000000e+00	0.0000000000e+00	0.0000000000e+00
3.0721400000e+01	7.7456600000e-03	3.4333300000e-02	-1.2311000000e-04	8.0503100000e-02	-4.8129200000e-03	8.1259100000e-04	-3.5091900000e-03	-7.5184500000e-02	1.0301100000e-03	-1.2015500000e-01	-9.1129000000e-03	1.9229100000e-03	-3.3850400000e-03	1.1083900000e-01	-2.4354800000e-03	1.5604400000e-01	8.4091400000e-02	-1.2049800000e-03	0.0000000000e+00	0.0000000000e+00	0.0000000000e+00	0.0000000000e+00	0.0000000000e+00	0.0000000000e+00	0.0000000000e+00	0.0000000000e+00	0.0000000000e+00
3.1594000000e+01	8.4653200000e-03	3.7589800000e-02	-1.7842300000e-04	8.6336600000e-02	-5.0378900000e-03	8.7331400000e-04	-3.8842300000e-03	-8.0884300000e-02	1.1964000000e-03	-1.2644500000e-01	-9.6624300000e-03	2.1340900000e-03	-3.5252200000e-03	1.1621100000e-01	-2.6747100000e-03	1.5828700000e-01	8.4254900000e-02	-1.0201200000e-03	0.0000000000e+00	0.0000000000e+00	0.0000000000e+00	0.0000000000e+00	0.0000000000e+00	0.0000000000e+00	0.0000000000e+00	0.0000000000e+00	0.0000000000e+00
3.2466600000e+01	9.2251500000e-03	4.1068200000e-02	-2.0622700000e-04	9.2386400000e-02	-5.2800600000e-03	9.3750900000e-04	-4.2702400000e-03	-8.6787100000e-02	1.3184800000e-03	-1.3270200000e-01	-1.0172300000e-02	2.3525900000e-03	-3.6899000000e-03	1.2134900000e-01	-2.8646500000e-03	1.5976500000e-01	8.3674900000e-02	-7.8474400000e-04	0.0000000000e+00	0.0000000000e+00	0.0000000000e+00	0.0000000000e+00	0.0000000000e+00	0.0000000000e+00	0.0000000000e+00	0.0000000000e+00	0.0000000000e+00
3.3339200000e+01	1.0025900000e-02	4.4775600000e-02	-2.3562700000e-04	9.8650700000e-02	-5.5432600000e-03	1.0101800000e-03	-4.6660800000e-03	-9.2878700000e-02	1.4452100000e-03	-1.3890200000e-01	-1.0632400000e-02	2.5834200000e-03	-3.8801500000e-03	1.2619200000e-01	-3.0463000000e-03	1.6043200000e-01	8.2309200000e-02	-5.0542300000e-04	0.0000000000e+00	0.0000000000e+00	0.0000000000e+00	0.0000000000e+00	0.0000000000e+00	0.0000000000e+00	0.0000000000e+00	0.0000000000e+00	0.0000000000e+00
3.4206400000e+01	1.0862300000e-02	4.8694800000e-02	-2.8412500000e-04	1.0509000000e-01	-5.8204700000e-03	1.0842000000e-03	-5.0640200000e-03	-9.9099400000e-02	1.5971900000e-03	-1.4497000000e-01	-1.1021200000e-02	2.8224800000e-03	-4.1037600000e-03	1.3064100000e-01	-3.2233400000e-03	1.6024500000e-01	8.0119100000e-02	-1.4301400000e-04	0.0000000000e+00	0.0000000000e+00	0.0000000000e+00	0.0000000000e+00	0.0000000000e+00	0.0000000000e+00	0.0000000000e+00	0.0000000000e+00	0.0000000000e+00
3.5079100000e+01	1.1745600000e-02	5.2883400000e-02	-3.4533900000e-04	1.1178800000e-01	-6.1186100000e-03	1.1644000000e-03	-5.4665100000e-03	-1.0551100000e-01	1.7632900000e-03	-1.5096300000e-01	-1.1330400000e-02	3.0738800000e-03	-4.3666400000e-03	1.3468800000e-01	-3.3809400000e-03	1.5916300000e-01	7.7045000000e-02	3.0830900000e-04	0.0000000000e+00	0.0000000000e+00	0.0000000000e+00	0.0000000000e+00	0.0000000000e+00	0.0000000000e+00	0.0000000000e+00	0.0000000000e+00	0.0000000000e+00
3.5951800000e+01	1.2671300000e-02	5.7323200000e-02	-3.9006600000e-04	1.1871100000e-01	-6.4441800000e-03	1.2510000000e-03	-5.8683900000e-03	-1.1206100000e-01	1.9049700000e-03	-1.5682600000e-01	-1.1558200000e-02	3.3388900000e-03	-4.6692000000e-03	1.3825900000e-01	-3.5044400000e-03	1.5714800000e-01	7.3083900000e-02	8.1377800000e-04	0.0000000000e+00	0.0000000000e+00	0.0000000000e+00	0.0000000000e+00	0.0000000000e+00	0.0000000000e+00	0.0000000000e+00	0.0000000000e+00	0.0000000000e+00
3.6824400000e+01	1.3639600000e-02	6.2017000000e-02	-3.7422100000e-04	1.2585900000e-01	-6.8109700000e-03	1.3425900000e-03	-6.2684900000e-03	-1.1874100000e-01	1.9760700000e-03	-1.6253200000e-01	-1.1725500000e-02	3.6239000000e-03	-5.0082800000e-03	1.4133200000e-01	-3.6047000000e-03	1.5416400000e-01	6.8242100000e-02	1.2934800000e-03	0.0000000000e+00	0.0000000000e+00	0.0000000000e+00	0.0000000000e+00	0.0000000000e+00	0.0000000000e+00	0.0000000000e+00	0.0000000000e+00	0.0000000000e+00
3.7690500000e+01	1.4642000000e-02	6.6939300000e-02	-4.4152500000e-04	1.3318000000e-01	-7.1967800000e-03	1.4314400000e-03	-6.6520900000e-03	-1.2545600000e-01	2.1509800000e-03	-1.6798900000e-01	-1.1772900000e-02	3.9075300000e-03	-5.3998600000e-03	1.4376500000e-01	-3.7145600000e-03	1.5022600000e-01	6.2522700000e-02	1.9603600000e-03	0.0000000000e+00	0.0000000000e+00	0.0000000000e+00	0.0000000000e+00	0.0000000000e+00	0.0000000000e+00	0.0000000000e+00	0.0000000000e+00	0.0000000000e+00
3.8563300000e+01	1.5694700000e-02	7.2168800000e-02	-4.3932500000e-04	1.4078500000e-01	-7.6284900000e-03	1.5196000000e-03	-7.0271500000e-03	-1.3230200000e-01	2.2455900000e-03	-1.7326600000e-01	-1.1734000000e-02	4.2105500000e-03	-5.8403300000e-03	1.4558400000e-01	-3.7996000000e-03	1.4525600000e-01	5.5867600000e-02	2.6156900000e-03	0.0000000000e+00	0.0000000000e+00	0.0000000000e+00	0.0000000000e+00	0.0000000000e+00	0.0000000000e+00	0.0000000000e+00	0.0000000000e+00	0.0000000000e+00
3.9436200000e+01	1.6790400000e-02	7.7678300000e-02	-4.6392500000e-04	1.4861700000e-01	-8.1029700000e-03	1.6155800000e-03	-7.3870500000e-03	-1.3919200000e-01	2.3772100000e-03	-1.7829300000e-01	-1.1581800000e-02	4.5288100000e-03	-6.3288400000e-03	1.4667800000e-01	-3.8771300000e-03	1.3927300000e-01	4.8338500000e-02	3.3641400000e-03	0.0000000000e+00	0.0000000000e+00	0.0000000000e+00	0.0000000000e+00	0.0000000000e+00	0.0000000000e+00	0.0000000000e+00	0.0000000000e+00	0.0000000000e+00
4.0309000000e+01	1.7929200000e-02	8.3477000000e-02	-5.1598600000e-04	1.5668000000e-01	-8.6204600000e-03	1.7210700000e-03	-7.7271300000e-03	-1.4609100000e-01	2.5370700000e-03	-1.8304300000e-01	-1.1292600000e-02	4.8610200000e-03	-6.8680300000e-03	1.4696400000e-01	-3.9220900000e-03	1.3227400000e-01	3.9974400000e-02	4.2196300000e-03	0.0000000000e+00	0.0000000000e+00	0.0000000000e+00	0.0000000000e+00	0.0000000000e+00	0.0000000000e+00	0.0000000000e+00	0.0000000000e+00	0.0000000000e+00
4.1181800000e+01	1.9111100000e-02	8.9572300000e-02	-5.5733100000e-04	1.6497500000e-01	-9.1884000000e-03	1.8329800000e-03	-8.0430800000e-03	-1.5296900000e-01	2.6832800000e-03	-1.8749100000e-01	-1.0866400000e-02	5.2116100000e-03	-7.4582600000e-03	1.4639100000e-01	-3.9359600000e-03	1.2425300000e-01	3.0824000000e-02	5.1337700000e-03	0.0000000000e+00	0.0000000000e+00	0.0000000000e+00	0.0000000000e+00	0.0000000000e+00	0.0000000000e+00	0.0000000000e+00	0.0000000000e+00	0.0000000000e+00
4.2054600000e+01	2.0336200000e-02	9.5971200000e-02	-5.7712400000e-04	1.7350200000e-01	-9.8153700000e-03	1.9513400000e-03	-8.3320500000e-03	-1.5979800000e-01	2.8110400000e-03	-1.9160400000e-01	-1.0309000000e-02	5.5864100000e-03	-8.0965300000e-03	1.4491100000e-01	-3.9335900000e-03	1.1522100000e-01	2.0951000000e-02	6.0813000000e-03	0.0000000000e+00	0.0000000000e+00	0.0000000000e+00	0.0000000000e+00	0.0000000000e+00	0.0000000000e+00	0.0000000000e+00	0.0000000000e+00	0.0000000000e+00
4.2927400000e+01	2.1604400000e-02	1.0268200000e-01	-6.1255000000e-04	1.8226100000e-01	-1.0501900000e-02	2.0788000000e-03	-8.5891600000e-03	-1.6653500000e-01	2.9539600000e-03	-1.9534500000e-01	-9.6018200000e-03	5.9797000000e-03	-8.7821800000e-03	1.4245800000e-01	-3.8972000000e-03	1.0520300000e-01	1.0447800000e-02	7.1117200000e-03	0.0000000000e+00	0.0000000000e+00	0.0000000000e+00	0.0000000000e+00	0.0000000000e+00	0.0000000000e+00	0.0000000000e+00	0.0000000000e+00	0.0000000000e+00
4.3797900000e+01	2.2909200000e-02	1.0969600000e-01	-6.9176000000e-04	1.9123900000e-01	-1.1232800000e-02	2.1906900000e-03	-8.7949800000e-03	-1.7311000000e-01	3.1217800000e-03	-1.9864100000e-01	-8.7028800000e-03	6.3434800000e-03	-9.5301000000e-03	1.3896600000e-01	-3.7964600000e-03	9.4290100000e-02	-5.7816400000e-04	8.3488200000e-03	0.0000000000e+00	0.0000000000e+00	0.0000000000e+00	0.0000000000e+00	0.0000000000e+00	0.0000000000e+00	0.0000000000e+00	0.0000000000e+00	0.0000000000e+00
4.4670900000e+01	2.4260100000e-02	1.1706000000e-01	-7.4240300000e-04	2.0048000000e-01	-1.2033400000e-02	2.3050400000e-03	-8.9590500000e-03	-1.7953000000e-01	3.2583500000e-03	-2.0150200000e-01	-7.6354300000e-03	6.7274300000e-03	-1.0323600000e-02	1.3438500000e-01	-3.6698400000e-03	8.2422600000e-02	-1.2059100000e-02	9.6128600000e-03	0.0000000000e+00	0.0000000000e+00	0.0000000000e+00	0.0000000000e+00	0.0000000000e+00	0.0000000000e+00	0.0000000000e+00	0.0000000000e+00	0.0000000000e+00
4.5543900000e+01	2.5653700000e-02	1.2476200000e-01	-7.5989700000e-04	2.0995800000e-01	-1.2915100000e-02	2.4220500000e-03	-9.0788100000e-03	-1.8573800000e-01	3.3726500000e-03	-2.0389100000e-01	-6.4219800000e-03	7.1382700000e-03	-1.1152400000e-02	1.2869800000e-01	-3.5412900000e-03	6.9663800000e-02	-2.3843200000e-02	1.0887200000e-02	0.0000000000e+00	0.0000000000e+00	0.0000000000e+00	0.0000000000e+00	0.0000000000e+00	0.0000000000e+00	0.0000000000e+00	0.0000000000e+00	0.0000000000e+00
4.6417000000e+01	2.7089400000e-02	1.3280900000e-01	-8.1044400000e-04	2.1967400000e-01	-1.3877300000e-02	2.5493500000e-03	-9.1491700000e-03	-1.9167200000e-01	3.5069700000e-03	-2.0577200000e-01	-5.0388300000e-03	7.5631800000e-03	-1.2011400000e-02	1.2185100000e-01	-3.3487500000e-03	5.6067800000e-02	-3.5743300000e-02	1.2250400000e-02	0.0000000000e+00	0.0000000000e+00	0.0000000000e+00	0.0000000000e+00	0.0000000000e+00	0.0000000000e+00	0.0000000000e+00	0.0000000000e+00	0.0000000000e+00
4.7290000000e+01	2.8566100000e-02	1.4121100000e-01	-9.4990300000e-04	2.2963400000e-01	-1.4910000000e-02	2.6957000000e-03	-9.1634500000e-03	-1.9725100000e-01	3.6683200000e-03	-2.0710600000e-01	-3.4307800000e-03	7.9874700000e-03	-1.2895000000e-02	1.1377800000e-01	-3.0005300000e-03	4.1685500000e-02	-4.7500300000e-02	1.3743600000e-02	0.0000000000e+00	0.0000000000e+00	0.0000000000e+00	0.0000000000e+00	0.0000000000e+00	0.0000000000e+00	0.0000000000e+00	0.0000000000e+00	0.0000000000e+00
4.8163000000e+01	3.0084300000e-02	1.4997500000e-01	-1.0074100000e-03	2.3984300000e-01	-1.6038400000e-02	2.8425600000e-03	-9.1197900000e-03	-2.0245400000e-01	3.7697200000e-03	-2.0785700000e-01	-1.6624700000e-03	8.4584900000e-03	-1.3791100000e-02	1.0450900000e-01	-2.6834500000e-03	2.6546100000e-02	-5.9022700000e-02	1.5172400000e-02	0.0000000000e+00	0.0000000000e+00	0.0000000000e+00	0.0000000000e+00	0.0000000000e+00	0.0000000000e+00	0.0000000000e+00	0.0000000000e+00	0.0000000000e+00
4.9036000000e+01	3.1644600000e-02	1.5911200000e-01	-9.5808100000e-04	2.5030400000e-01	-1.7289600000e-02	2.9825500000e-03	-9.0158700000e-03	-2.0726200000e-01	3.8418400000e-03	-2.0798300000e-01	1.9245300000e-04	8.9868700000e-03	-1.4688800000e-02	9.4074200000e-02	-2.4773500000e-03	1.0720400000e-02	-7.0251400000e-02	1.6557100000e-02	0.0000000000e+00	0.0000000000e+00	0.0000000000e+00	0.0000000000e+00	0.0000000000e+00	0.0000000000e+00	0.0000000000e+00	0.0000000000e+00	0.0000000000e+00
4.9908600000e+01	3.3241200000e-02	1.6862400000e-01	-1.0173400000e-03	2.6102000000e-01	-1.8638300000e-02	3.1214100000e-03	-8.8333500000e-03	-2.1156800000e-01	3.9591500000e-03	-2.0740900000e-01	2.2224200000e-03	9.4647500000e-03	-1.5586300000e-02	8.2437800000e-02	-2.1224400000e-03	-5.6164800000e-03	-8.0856600000e-02	1.8127600000e-02	0.0000000000e+00	0.0000000000e+00	0.0000000000e+00	0.0000000000e+00	0.0000000000e+00	0.0000000000e+00	0.0000000000e+00	0.0000000000e+00	0.0000000000e+00
5.0781900000e+01	3.4875400000e-02	1.7852900000e-01	-1.0988200000e-03	2.7200300000e-01	-2.0089200000e-02	3.2515400000e-03	-8.5695900000e-03	-2.1530800000e-01	4.0649000000e-03	-2.0610000000e-01	4.4337100000e-03	9.9127700000e-03	-1.6470400000e-02	6.9606700000e-02	-1.7018400000e-03	-2.2387500000e-02	-9.0592400000e-02	1.9743300000e-02	0.0000000000e+00	0.0000000000e+00	0.0000000000e+00	0.0000000000e+00	0.0000000000e+00	0.0000000000e+00	0.0000000000e+00	0.0000000000e+00	0.0000000000e+00
5.1655200000e+01	3.6548400000e-02	1.8882600000e-01	-1.1564000000e-03	2.8323900000e-01	-2.1659900000e-02	3.3858600000e-03	-8.2337200000e-03	-2.1842200000e-01	4.1512600000e-03	-2.0405000000e-01	6.7779700000e-03	1.0392500000e-02	-1.7320500000e-02	5.5635100000e-02	-1.2724600000e-03	-3.9537700000e-02	-9.9250400000e-02	2.1329200000e-02	0.0000000000e+00	0.0000000000e+00	0.0000000000e+00	0.0000000000e+00	0.0000000000e+00	0.0000000000e+00	0.0000000000e+00	0.0000000000e+00	0.0000000000e+00
5.2528500000e+01	3.8259300000e-02	1.9952300000e-01	-1.2178400000e-03	2.9473300000e-01	-2.3357800000e-02	3.5280400000e-03	-7.8221700000e-03	-2.2084600000e-01	4.2279100000e-03	-2.0121500000e-01	9.2412300000e-03	1.0900300000e-02	-1.8122800000e-02	4.0564200000e-02	-7.9870700000e-04	-5.6980400000e-02	-1.0662000000e-01	2.2923200000e-02	0.0000000000e+00	0.0000000000e+00	0.0000000000e+00	0.0000000000e+00	0.0000000000e+00	0.0000000000e+00	0.0000000000e+00	0.0000000000e+00	0.0000000000e+00
5.3401800000e+01	4.0007500000e-02	2.1062900000e-01	-1.2843100000e-03	3.0648800000e-01	-2.5190500000e-02	3.6807800000e-03	-7.3325400000e-03	-2.2250600000e-01	4.2932500000e-03	-1.9755400000e-01	1.1806000000e-02	1.1445300000e-02	-1.8861800000e-02	2.4453600000e-02	-2.7677700000e-04	-7.4614500000e-02	-1.1248100000e-01	2.4524900000e-02	0.0000000000e+00	0.0000000000e+00	0.0000000000e+00	0.0000000000e+00	0.0000000000e+00	0.0000000000e+00	0.0000000000e+00	0.0000000000e+00	0.0000000000e+00
5.4275100000e+01	4.1791500000e-02	2.2214700000e-01	-1.3795200000e-03	3.1850300000e-01	-2.7157800000e-02	3.8464600000e-03	-6.7622700000e-03	-2.2332100000e-01	4.3379200000e-03	-1.9302000000e-01	1.4472500000e-02	1.2014400000e-02	-1.9520900000e-02	7.4012100000e-03	3.1920500000e-04	-9.2284200000e-02	-1.1656700000e-01	2.6092000000e-02	0.0000000000e+00	0.0000000000e+00	0.0000000000e+00	0.0000000000e+00	0.0000000000e+00	0.0000000000e+00	0.0000000000e+00	0.0000000000e+00	0.0000000000e+00
5.5148300000e+01	4.3610800000e-02	2.3408200000e-01	-1.4445000000e-03	3.3078100000e-01	-2.9272800000e-02	4.0152400000e-03	-6.1102800000e-03	-2.2323200000e-01	4.3674200000e-03	-1.8757000000e-01	1.7192600000e-02	1.2624800000e-02	-2.0083100000e-02	-1.0476300000e-02	8.9697000000e-04	-1.0985100000e-01	-1.1874100000e-01	2.7615600000e-02	0.0000000000e+00	0.0000000000e+00	0.0000000000e+00	0.0000000000e+00	0.0000000000e+00	0.0000000000e+00	0.0000000000e+00	0.0000000000e+00	0.0000000000e+00
5.6021800000e+01	4.5462900000e-02	2.4644300000e-01	-1.4329600000e-03	3.4333300000e-01	-3.1555700000e-02	4.1645300000e-03	-5.3677400000e-03	-2.2219300000e-01	4.4140000000e-03	-1.8113700000e-01	1.9896000000e-02	1.3247700000e-02	-2.0530500000e-02	-2.9060200000e-02	1.3804000000e-03	-1.2713000000e-01	-1.1897000000e-01	2.9156500000e-02	0.0000000000e+00	0.0000000000e+00	0.0000000000e+00	0.0000000000e+00	0.0000000000e+00	0.0000000000e+00	0.0000000000e+00	0.0000000000e+00	0.0000000000e+00
5.6895500000e+01	4.7339600000e-02	2.5923100000e-01	-1.5020700000e-03	3.5617300000e-01	-3.3986200000e-02	4.2930900000e-03	-4.5154700000e-03	-2.2009800000e-01	4.4352500000e-03	-1.7362500000e-01	2.2642500000e-02	1.3740800000e-02	-2.0839600000e-02	-4.8200500000e-02	1.9742700000e-03	-1.4383300000e-01	-1.1695000000e-01	3.0626500000e-02	0.0000000000e+00	0.0000000000e+00	0.0000000000e+00	0.0000000000e+00	0.0000000000e+00	0.0000000000e+00	0.0000000000e+00	0.0000000000e+00	0.0000000000e+00
5.7769100000e+01	4.9247500000e-02	2.7244400000e-01	-1.6262700000e-03	3.6928100000e-01	-3.6570000000e-02	4.4406400000e-03	-3.5775600000e-03	-2.1685700000e-01	4.4083400000e-03	-1.6506500000e-01	2.5399800000e-02	1.4257900000e-02	-2.1000000000e-02	-6.7728200000e-02	2.6559900000e-03	-1.5997700000e-01	-1.1246600000e-01	3.1997200000e-02	0.0000000000e+00	0.0000000000e+00	0.0000000000e+00	0.0000000000e+00	0.0000000000e+00	0.0000000000e+00	0.0000000000e+00	0.0000000000e+00	0.0000000000e+00
5.8642700000e+01	5.1186200000e-02	2.8608900000e-01	-1.6925800000e-03	3.8266200000e-01	-3.9327200000e-02	4.5840400000e-03	-2.5545000000e-03	-2.1241900000e-01	4.3794400000e-03	-1.5541100000e-01	2.8082900000e-02	1.4823300000e-02	-2.0994600000e-02	-8.7459800000e-02	3.2667600000e-03	-1.7541600000e-01	-1.0555700000e-01	3.3353200000e-02	0.0000000000e+00	0.0000000000e+00	0.0000000000e+00	0.0000000000e+00	0.0000000000e+00	0.0000000000e+00	0.0000000000e+00	0.0000000000e+00	0.0000000000e+00
5.9516400000e+01	5.3154700000e-02	3.0017100000e-01	-1.7020100000e-03	3.9631400000e-01	-4.2275100000e-02	4.7205600000e-03	-1.4461500000e-03	-2.0673100000e-01	4.3770500000e-03	-1.4462000000e-01	3.0615200000e-02	1.5432100000e-02	-2.0807600000e-02	-1.0720300000e-01	3.8145900000e-03	-1.8994800000e-01	-9.6282900000e-02	3.4752200000e-02	0.0000000000e+00	0.0000000000e+00	0.0000000000e+00	0.0000000000e+00	0.0000000000e+00	0.0000000000e+00	0.0000000000e+00	0.0000000000e+00	0.0000000000e+00
6.0390000000e+01	5.5151500000e-02	3.1468700000e-01	-1.7659700000e-03	4.1023800000e-01	-4.5406000000e-02	4.8751900000e-03	-2.5366500000e-04	-1.9969800000e-01	4.3391400000e-03	-1.3264800000e-01	3.3000700000e-02	1.6071300000e-02	-2.0423200000e-02	-1.2672600000e-01	4.4334500000e-03	-2.0337000000e-01	-8.4529300000e-02	3.6101800000e-02	0.0000000000e+00	0.0000000000e+00	0.0000000000e+00	0.0000000000e+00	0.0000000000e+00	0.0000000000e+00	0.0000000000e+00	0.0000000000e+00	0.0000000000e+00
6.1263700000e+01	5.7175200000e-02	3.2964000000e-01	-1.8291700000e-03	4.2443400000e-01	-4.8725600000e-02	5.0362600000e-03	1.0222100000e-03	-1.9124700000e-01	4.2857700000e-03	-1.1945300000e-01	3.5195100000e-02	1.6750100000e-02	-1.9826100000e-02	-1.4578500000e-01	5.0436100000e-03	-2.1548000000e-01	-7.0348500000e-02	3.7435200000e-02	0.0000000000e+00	0.0000000000e+00	0.0000000000e+00	0.0000000000e+00	0.0000000000e+00	0.0000000000e+00	0.0000000000e+00	0.0000000000e+00	0.0000000000e+00
6.2137300000e+01	5.9224500000e-02	3.4502900000e-01	-1.9038800000e-03	4.3890200000e-01	-5.2236100000e-02	5.2071200000e-03	2.3793600000e-03	-1.8130600000e-01	4.2051600000e-03	-1.0499900000e-01	3.7160600000e-02	1.7470000000e-02	-1.9003300000e-02	-1.6411200000e-01	5.6492400000e-03	-2.2607700000e-01	-5.3826400000e-02	3.8739300000e-02	0.0000000000e+00	0.0000000000e+00	0.0000000000e+00	0.0000000000e+00	0.0000000000e+00	0.0000000000e+00	0.0000000000e+00	0.0000000000e+00	0.0000000000e+00
6.3011800000e+01	6.1285700000e-02	3.6085700000e-01	-2.0338400000e-03	4.5368400000e-01	-5.5920500000e-02	5.3481900000e-03	3.8450700000e-03	-1.6978800000e-01	4.0420700000e-03	-8.9120600000e-02	3.8944000000e-02	1.8004300000e-02	-1.7903400000e-02	-1.8141100000e-01	6.2267400000e-03	-2.3470700000e-01	-3.4968900000e-02	3.9687100000e-02	0.0000000000e+00	0.0000000000e+00	0.0000000000e+00	0.0000000000e+00	0.0000000000e+00	0.0000000000e+00	0.0000000000e+00	0.0000000000e+00	0.0000000000e+00
6.3885800000e+01	6.3367400000e-02	3.7710900000e-01	-2.0937600000e-03	4.6873800000e-01	-5.9804700000e-02	5.4735600000e-03	5.3911100000e-03	-1.5666800000e-01	3.9139400000e-03	-7.1888900000e-02	4.0393900000e-02	1.8561200000e-02	-1.6547300000e-02	-1.9740800000e-01	6.7012900000e-03	-2.4137700000e-01	-1.4212100000e-02	4.0692800000e-02	0.0000000000e+00	0.0000000000e+00	0.0000000000e+00	0.0000000000e+00	0.0000000000e+00	0.0000000000e+00	0.0000000000e+00	0.0000000000e+00	0.0000000000e+00
6.4759900000e+01	6.5471500000e-02	3.9379800000e-01	-2.0764000000e-03	4.8406400000e-01	-6.3912100000e-02	5.5829600000e-03	7.0123000000e-03	-1.4189600000e-01	3.8648900000e-03	-5.3282000000e-02	4.1397800000e-02	1.9152100000e-02	-1.4931000000e-02	-2.1183700000e-01	7.1200000000e-03	-2.4589500000e-01	8.0218200000e-03	4.1839700000e-02	0.0000000000e+00	0.0000000000e+00	0.0000000000e+00	0.0000000000e+00	0.0000000000e+00	0.0000000000e+00	0.0000000000e+00	0.0000000000e+00	0.0000000000e+00
6.5633900000e+01	6.7596300000e-02	4.1091400000e-01	-2.1392800000e-03	4.9965700000e-01	-6.8225700000e-02	5.7157900000e-03	8.7045700000e-03	-1.2538900000e-01	3.7318500000e-03	-3.3277700000e-02	4.1974100000e-02	1.9771200000e-02	-1.3048800000e-02	-2.2434700000e-01	7.5687600000e-03	-2.4804100000e-01	3.1544500000e-02	4.2917700000e-02	0.0000000000e+00	0.0000000000e+00	0.0000000000e+00	0.0000000000e+00	0.0000000000e+00	0.0000000000e+00	0.0000000000e+00	0.0000000000e+00	0.0000000000e+00
6.6508000000e+01	6.9740400000e-02	4.2845300000e-01	-2.1961100000e-03	5.1551400000e-01	-7.2748300000e-02	5.8512000000e-03	1.0464600000e-02	-1.0709800000e-01	3.5905400000e-03	-1.1851300000e-02	4.2070700000e-02	2.0426400000e-02	-1.0895400000e-02	-2.3460600000e-01	7.9674300000e-03	-2.4760300000e-01	5.5924600000e-02	4.4061300000e-02	0.0000000000e+00	0.0000000000e+00	0.0000000000e+00	0.0000000000e+00	0.0000000000e+00	0.0000000000e+00	0.0000000000e+00	0.0000000000e+00	0.0000000000e+00
6.7382100000e+01	7.1902700000e-02	4.4640900000e-01	-2.2669200000e-03	5.3163600000e-01	-7.7478400000e-02	5.9957100000e-03	1.2289000000e-02	-8.6964700000e-02	3.4154200000e-03	1.1029500000e-02	4.1649300000e-02	2.1125800000e-02	-8.4660400000e-03	-2.4227500000e-01	8.3134600000e-03	-2.4435600000e-01	8.0715000000e-02	4.5278300000e-02	0.0000000000e+00	0.0000000000e+00	0.0000000000e+00	0.0000000000e+00	0.0000000000e+00	0.0000000000e+00	0.0000000000e+00	0.0000000000e+00	0.0000000000e+00
6.8256200000e+01	7.4082000000e-02	4.6477900000e-01	-2.3526900000e-03	5.4802000000e-01	-8.2415800000e-02	6.1511800000e-03	1.4173700000e-02	-6.4933400000e-02	3.1968000000e-03	3.5398000000e-02	4.0666800000e-02	2.1878000000e-02	-5.7573600000e-03	-2.4701000000e-01	8.5889400000e-03	-2.3807200000e-01	1.0541200000e-01	4.6591500000e-02	0.0000000000e+00	0.0000000000e+00	0.0000000000e+00	0.0000000000e+00	0.0000000000e+00	0.0000000000e+00	0.0000000000e+00	0.0000000000e+00	0.0000000000e+00
6.9131200000e+01	7.6267400000e-02	4.8357700000e-01	-2.4066000000e-03	5.6470500000e-01	-8.7568100000e-02	6.2738800000e-03	1.6130700000e-02	-4.0944800000e-02	2.9969900000e-03	6.1388400000e-02	3.9076200000e-02	2.2509300000e-02	-2.7279800000e-03	-2.4847400000e-01	8.7705400000e-03	-2.2832300000e-01	1.2945000000e-01	4.7730800000e-02	0.0000000000e+00	0.0000000000e+00	0.0000000000e+00	0.0000000000e+00	0.0000000000e+00	0.0000000000e+00	0.0000000000e+00	0.0000000000e+00	0.0000000000e+00
7.0005800000e+01	7.8455600000e-02	5.0276700000e-01	-2.4539400000e-03	5.8165300000e-01	-9.2929700000e-02	6.3740300000e-03	1.8149000000e-02	-1.4999100000e-02	2.7926100000e-03	8.8940600000e-02	3.6824600000e-02	2.3037300000e-02	6.0565300000e-04	-2.4632800000e-01	8.8701900000e-03	-2.1497200000e-01	1.5213100000e-01	4.8707100000e-02	0.0000000000e+00	0.0000000000e+00	0.0000000000e+00	0.0000000000e+00	0.0000000000e+00	0.0000000000e+00	0.0000000000e+00	0.0000000000e+00	0.0000000000e+00
7.0880400000e+01	8.0656900000e-02	5.2235200000e-01	-2.5432400000e-03	5.9884400000e-01	-9.8498400000e-02	6.4894200000e-03	2.0213000000e-02	1.2957000000e-02	2.5073200000e-03	1.1798000000e-01	3.3874400000e-02	2.3607200000e-02	4.2029900000e-03	-2.4022800000e-01	8.8625700000e-03	-1.9802900000e-01	1.7279600000e-01	4.9802500000e-02	0.0000000000e+00	0.0000000000e+00	0.0000000000e+00	0.0000000000e+00	0.0000000000e+00	0.0000000000e+00	0.0000000000e+00	0.0000000000e+00	0.0000000000e+00
7.1755000000e+01	8.2870100000e-02	5.4232000000e-01	-2.6631800000e-03	6.1627400000e-01	-1.0426600000e-01	6.6167200000e-03	2.2317700000e-02	4.2943000000e-02	2.1427400000e-03	1.4851000000e-01	3.0210000000e-02	2.4218100000e-02	8.0562800000e-03	-2.2985300000e-01	8.7036900000e-03	-1.7732400000e-01	1.9077300000e-01	5.1072800000e-02	0.0000000000e+00	0.0000000000e+00	0.0000000000e+00	0.0000000000e+00	0.0000000000e+00	0.0000000000e+00	0.0000000000e+00	0.0000000000e+00	0.0000000000e+00
7.2629600000e+01	8.5094300000e-02	5.6266800000e-01	-2.7161700000e-03	6.3393700000e-01	-1.1024600000e-01	6.7275000000e-03	2.4459000000e-02	7.4960100000e-02	1.8636500000e-03	1.8053200000e-01	2.5733500000e-02	2.4850000000e-02	1.2157700000e-02	-2.1494600000e-01	8.4957600000e-03	-1.5269000000e-01	2.0520100000e-01	5.2597900000e-02	0.0000000000e+00	0.0000000000e+00	0.0000000000e+00	0.0000000000e+00	0.0000000000e+00	0.0000000000e+00	0.0000000000e+00	0.0000000000e+00	0.0000000000e+00
7.3504200000e+01	8.7328500000e-02	5.8338700000e-01	-2.7315900000e-03	6.5182300000e-01	-1.1644400000e-01	6.8286100000e-03	2.6631500000e-02	1.0900400000e-01	1.6451500000e-03	2.1401200000e-01	2.0381200000e-02	2.5496700000e-02	1.6492400000e-02	-1.9525800000e-01	8.2739900000e-03	-1.2402700000e-01	2.1526300000e-01	5.4316800000e-02	0.0000000000e+00	0.0000000000e+00	0.0000000000e+00	0.0000000000e+00	0.0000000000e+00	0.0000000000e+00	0.0000000000e+00	0.0000000000e+00	0.0000000000e+00
7.4378900000e+01	8.9571100000e-02	6.0446000000e-01	-2.8002500000e-03	6.6992100000e-01	-1.2284100000e-01	6.9474600000e-03	2.8829100000e-02	1.4506700000e-01	1.3264700000e-03	2.4891000000e-01	1.4175700000e-02	2.6184300000e-02	2.1041400000e-02	-1.7053400000e-01	7.9093300000e-03	-9.1277000000e-02	2.2031800000e-01	5.6239000000e-02	0.0000000000e+00	0.0000000000e+00	0.0000000000e+00	0.0000000000e+00	0.0000000000e+00	0.0000000000e+00	0.0000000000e+00	0.0000000000e+00	0.0000000000e+00
7.5254200000e+01	9.1816400000e-02	6.2588500000e-01	-2.8701700000e-03	6.8824200000e-01	-1.2943500000e-01	7.0593300000e-03	3.1049500000e-02	1.8314600000e-01	9.9102100000e-04	2.8524800000e-01	7.1080400000e-03	2.6838900000e-02	2.5802200000e-02	-1.4057000000e-01	7.4330800000e-03	-5.4289400000e-02	2.1970400000e-01	5.8238200000e-02	0.0000000000e+00	0.0000000000e+00	0.0000000000e+00	0.0000000000e+00	0.0000000000e+00	0.0000000000e+00	0.0000000000e+00	0.0000000000e+00	0.0000000000e+00
7.6129500000e+01	9.4042600000e-02	6.4762800000e-01	-2.8833000000e-03	7.0680100000e-01	-1.3622000000e-01	7.1206500000e-03	3.3289200000e-02	2.2316000000e-01	7.5372500000e-04	3.2310900000e-01	-8.4520900000e-04	2.7265100000e-02	3.0794100000e-02	-1.0526600000e-01	6.9482900000e-03	-1.2721600000e-02	2.1274500000e-01	5.9758800000e-02	0.0000000000e+00	0.0000000000e+00	0.0000000000e+00	0.0000000000e+00	0.0000000000e+00	0.0000000000e+00	0.0000000000e+00	0.0000000000e+00	0.0000000000e+00
7.7005000000e+01	9.6274000000e-02	6.6968800000e-01	-2.8615000000e-03	7.2554400000e-01	-1.4320600000e-01	7.1713500000e-03	3.5539400000e-02	2.6508700000e-01	5.8914900000e-04	3.6228000000e-01	-9.7713800000e-03	2.7691500000e-02	3.5947300000e-02	-6.4504500000e-02	6.5041800000e-03	3.3045100000e-02	1.9861400000e-01	6.1423100000e-02	0.0000000000e+00	0.0000000000e+00	0.0000000000e+00	0.0000000000e+00	0.0000000000e+00	0.0000000000e+00	0.0000000000e+00	0.0000000000e+00	0.0000000000e+00
7.7880300000e+01	9.8509600000e-02	6.9203800000e-01	-2.9711500000e-03	7.4445900000e-01	-1.5035700000e-01	7.2639700000e-03	3.7793600000e-02	3.0888700000e-01	1.5152800000e-04	4.0269200000e-01	-1.9555100000e-02	2.8189100000e-02	4.1233900000e-02	-1.8152700000e-02	5.6795700000e-03	8.2935800000e-02	1.7697200000e-01	6.3470800000e-02	0.0000000000e+00	0.0000000000e+00	0.0000000000e+00	0.0000000000e+00	0.0000000000e+00	0.0000000000e+00	0.0000000000e+00	0.0000000000e+00	0.0000000000e+00
7.8755700000e+01	1.0074900000e-01	7.1465700000e-01	-3.1165100000e-03	7.6352700000e-01	-1.5765500000e-01	7.3684800000e-03	4.0045900000e-02	3.5449600000e-01	-3.8734500000e-04	4.4424700000e-01	-3.0158500000e-02	2.8722500000e-02	4.6624300000e-02	3.3809700000e-02	4.6053200000e-03	1.3678300000e-01	1.4742000000e-01	6.5913200000e-02	0.0000000000e+00	0.0000000000e+00	0.0000000000e+00	0.0000000000e+00	0.0000000000e+00	0.0000000000e+00	0.0000000000e+00	0.0000000000e+00	0.0000000000e+00
7.9631100000e+01	1.0299000000e-01	7.3754800000e-01	-3.0553600000e-03	7.8273900000e-01	-1.6514000000e-01	7.4041200000e-03	4.2293400000e-02	4.0182300000e-01	-4.9684500000e-04	4.8687500000e-01	-4.1754000000e-02	2.9151600000e-02	5.2100000000e-02	9.1250900000e-02	4.0066900000e-03	1.9445200000e-01	1.0923600000e-01	6.8170400000e-02	0.0000000000e+00	0.0000000000e+00	0.0000000000e+00	0.0000000000e+00	0.0000000000e+00	0.0000000000e+00	0.0000000000e+00	0.0000000000e+00	0.0000000000e+00
8.0506600000e+01	1.0523200000e-01	7.6069400000e-01	-2.9290200000e-03	8.0207700000e-01	-1.7281600000e-01	7.4142900000e-03	4.4532100000e-02	4.5076300000e-01	-4.3574100000e-04	5.3046400000e-01	-5.4363400000e-02	2.9520400000e-02	5.7634800000e-02	1.5398700000e-01	3.6661700000e-03	2.5566300000e-01	6.2165800000e-02	7.0226300000e-02	0.0000000000e+00	0.0000000000e+00	0.0000000000e+00	0.0000000000e+00	0.0000000000e+00	0.0000000000e+00	0.0000000000e+00	0.0000000000e+00	0.0000000000e+00
8.1382100000e+01	1.0747500000e-01	7.8404600000e-01	-3.0595400000e-03	8.2152300000e-01	-1.8060500000e-01	7.5075400000e-03	4.6756900000e-02	5.0119200000e-01	-9.2322000000e-04	5.7489900000e-01	-6.7695200000e-02	3.0023700000e-02	6.3198900000e-02	2.2184100000e-01	2.5520500000e-03	3.2010100000e-01	6.7752500000e-03	7.2989000000e-02	0.0000000000e+00	0.0000000000e+00	0.0000000000e+00	0.0000000000e+00	0.0000000000e+00	0.0000000000e+00	0.0000000000e+00	0.0000000000e+00	0.0000000000e+00
8.2257400000e+01	1.0970600000e-01	8.0756500000e-01	-3.2753500000e-03	8.4107900000e-01	-1.8847100000e-01	7.6235900000e-03	4.8959700000e-02	5.5297700000e-01	-1.6207700000e-03	6.2016000000e-01	-8.1606200000e-02	3.0546100000e-02	6.8773600000e-02	2.9454600000e-01	1.0241600000e-03	3.8769400000e-01	-5.6573800000e-02	7.6152300000e-02	0.0000000000e+00	0.0000000000e+00	0.0000000000e+00	0.0000000000e+00	0.0000000000e+00	0.0000000000e+00	0.0000000000e+00	0.0000000000e+00	0.0000000000e+00
8.3133100000e+01	1.1192300000e-01	8.3125900000e-01	-3.2616100000e-03	8.6074700000e-01	-1.9645800000e-01	7.6549200000e-03	5.1136300000e-02	6.0600700000e-01	-1.8105100000e-03	6.6620400000e-01	-9.6262400000e-02	3.0877200000e-02	7.4342800000e-02	3.7175800000e-01	1.6909400000e-04	4.5827600000e-01	-1.2811600000e-01	7.8621600000e-02	0.0000000000e+00	0.0000000000e+00	0.0000000000e+00	0.0000000000e+00	0.0000000000e+00	0.0000000000e+00	0.0000000000e+00	0.0000000000e+00	0.0000000000e+00
8.4009200000e+01	1.1413400000e-01	8.5512500000e-01	-3.2017100000e-03	8.8050400000e-01	-2.0457100000e-01	7.6658600000e-03	5.3290500000e-02	6.6017900000e-01	-1.8802800000e-03	7.1287900000e-01	-1.1166100000e-01	3.1143400000e-02	7.9889200000e-02	4.5314300000e-01	-5.0178100000e-04	5.3135800000e-01	-2.0759600000e-01	8.0848000000e-02	0.0000000000e+00	0.0000000000e+00	0.0000000000e+00	0.0000000000e+00	0.0000000000e+00	0.0000000000e+00	0.0000000000e+00	0.0000000000e+00	0.0000000000e+00
8.4885400000e+01	1.1633900000e-01	8.7913300000e-01	-3.1066900000e-03	9.0032300000e-01	-2.1280000000e-01	7.6605000000e-03	5.5422600000e-02	7.1533400000e-01	-1.8484300000e-03	7.6003800000e-01	-1.2775900000e-01	3.1352300000e-02	8.5397500000e-02	5.3823800000e-01	-9.8808000000e-04	6.0648100000e-01	-2.9448400000e-01	8.2804400000e-02	0.0000000000e+00	0.0000000000e+00	0.0000000000e+00	0.0000000000e+00	0.0000000000e+00	0.0000000000e+00	0.0000000000e+00	0.0000000000e+00	0.0000000000e+00
8.5761500000e+01	1.1853200000e-01	9.0324100000e-01	-3.0971600000e-03	9.2019600000e-01	-2.2110400000e-01	7.6789000000e-03	5.7526100000e-02	7.7128900000e-01	-1.9957800000e-03	8.0761200000e-01	-1.4437700000e-01	3.1572700000e-02	9.0849000000e-02	6.2650700000e-01	-1.7310000000e-03	6.8336500000e-01	-3.8771400000e-01	8.4880000000e-02	0.0000000000e+00	0.0000000000e+00	0.0000000000e+00	0.0000000000e+00	0.0000000000e+00	0.0000000000e+00	0.0000000000e+00	0.0000000000e+00	0.0000000000e+00
8.6638300000e+01	1.2072100000e-01	9.2744700000e-01	-3.1621000000e-03	9.4011800000e-01	-2.2946300000e-01	7.7194700000e-03	5.9609800000e-02	8.2795400000e-01	-2.3023600000e-03	8.5549700000e-01	-1.6137700000e-01	3.1815000000e-02	9.6248500000e-02	7.1752500000e-01	-2.7099000000e-03	7.6154500000e-01	-4.8630600000e-01	8.7118300000e-02	0.0000000000e+00	0.0000000000e+00	0.0000000000e+00	0.0000000000e+00	0.0000000000e+00	0.0000000000e+00	0.0000000000e+00	0.0000000000e+00	0.0000000000e+00
8.7514200000e+01	1.2289800000e-01	9.5167500000e-01	-3.3607400000e-03	9.6005400000e-01	-2.3781300000e-01	7.8023300000e-03	6.1669100000e-02	8.8507200000e-01	-2.9091100000e-03	9.0356000000e-01	-1.7850400000e-01	3.2118000000e-02	1.0158300000e-01	8.1057600000e-01	-4.1531900000e-03	8.4062700000e-01	-5.8869900000e-01	8.9743900000e-02	0.0000000000e+00	0.0000000000e+00	0.0000000000e+00	0.0000000000e+00	0.0000000000e+00	0.0000000000e+00	0.0000000000e+00	0.0000000000e+00	0.0000000000e+00
8.8390200000e+01	1.2507300000e-01	9.7584100000e-01	-4.2399700000e-03	9.7999800000e-01	-2.4597600000e-01	8.1139500000e-03	6.3714300000e-02	9.4243900000e-01	-5.1174100000e-03	9.5170700000e-01	-1.9497100000e-01	3.2865500000e-02	1.0686900000e-01	9.0496300000e-01	-8.2079100000e-03	9.2016900000e-01	-6.9171400000e-01	9.5132400000e-02	0.0000000000e+00	0.0000000000e+00	0.0000000000e+00	0.0000000000e+00	0.0000000000e+00	0.0000000000e+00	0.0000000000e+00	0.0000000000e+00	0.0000000000e+00
8.9269600000e+01	1.2725200000e-01	1.0000000000e+00	-5.0095000000e-03	1.0000000000e+00	-2.5398000000e-01	8.3779200000e-03	6.5758400000e-02	1.0000000000e+00	-7.0215600000e-03	1.0000000000e+00	-2.1077600000e-01	3.3457000000e-02	1.1214600000e-01	1.0000000000e+00	-1.1607400000e-02	1.0000000000e+00	-7.9389400000e-01	9.9376900000e-02	0.0000000000e+00	0.0000000000e+00	0.0000000000e+00	0.0000000000e+00	0.0000000000e+00	0.0000000000e+00	0.0000000000e+00	0.0000000000e+00	0.0000000000e+00
